	Name	X Rx(m)	Y Rx(m)	Z Rx(m)	Tx<->Rx(m)	Loop	Freq.(Hz)	Moment(mA.m2)	Primary Field(mGamma)	HZ Ip(%)	HX Ip(%)	HY Ip(%)	HZ Op(%)	HX Op(%)	HY Op(%)	HZ Mod(mGamma)	HZ Q(mGamma)	HX Mod(mGamma)	HX Q(mGamma)	HY Mod(mGamma)	HY Q(mGamma)	HZ Ovld	HX Ovld
	MU2-100.  	-400.00	0.00	0.00	100.00	H	110.0	252966.5	25.30	7.40	5.30	-1.48	4.35	1.25	11.40	27.19	1.49	1.38	5.20	2.91	2.91	0	0
	MU2-100.  	-400.00	0.00	0.00	100.00	H	220.0	248903.9	24.89	8.63	-7.86	1.26	7.20	-8.98	1.05	27.10	1.09	2.97	1.46	0.41	1.75	0	0
	MU2-100.  	-400.00	0.00	0.00	100.00	H	440.0	244557.4	24.46	9.79	-9.94	-0.75	8.33	-13.75	-0.19	26.93	1.63	4.15	0.99	0.19	1.06	0	0
	MU2-100.  	-400.00	0.00	0.00	100.00	H	880.0	238515.7	23.85	18.28	-19.44	-2.73	8.71	-23.30	0.06	28.29	0.41	7.24	0.48	0.65	0.54	0	0
	MU2-100.  	-400.00	0.00	0.00	100.00	H	1760.0	223419.4	22.34	22.73	-32.28	-3.85	3.39	-32.42	-1.26	27.43	0.36	10.22	0.28	0.91	0.30	0	0
	MU2-100.  	-400.00	0.00	0.00	100.00	H	3520.0	156470.4	15.65	25.54	-50.05	-3.80	-8.18	-38.09	-0.63	19.68	0.43	9.84	0.22	0.60	0.16	0	0
	MU2-100.  	-400.00	0.00	0.00	100.00	H	7040.1	110823.1	11.08	21.80	-72.28	-3.10	-25.17	-39.99	0.69	13.78	0.10	9.15	0.14	0.35	0.07	0	0
	MU2-100.  	-400.00	0.00	0.00	100.00	H	14080.2	60130.9	6.01	3.31	-99.74	-6.60	-46.11	-32.69	1.87	6.80	0.08	6.31	0.16	0.41	0.29	0	0
	MU2-100.  	-400.00	0.00	0.00	100.00	H	28160.4	30015.3	3.00	-43.22	-133.71	-5.25	-63.59	-10.42	4.55	2.56	0.09	4.03	0.15	0.21	0.28	0	0
	MU2-100.  	-400.00	0.00	0.00	100.00	H	56320.8	14951.9	1.50	-156.59	-176.93	-4.61	-58.54	42.92	5.09	1.22	0.12	2.72	0.09	0.10	0.08	0	0
	MU2-100.  	-380.00	0.00	0.00	100.00	H	110.0	253972.7	25.40	3.01	-17.01	-2.22	7.02	-2.70	0.23	26.22	1.34	4.37	4.41	0.57	4.17	0	0
	MU2-100.  	-380.00	0.00	0.00	100.00	H	220.0	248811.1	24.88	7.98	-7.91	0.54	6.07	-6.78	-1.35	26.91	1.05	2.59	1.51	0.36	1.56	0	0
	MU2-100.  	-380.00	0.00	0.00	100.00	H	440.0	244720.9	24.47	10.26	-13.89	-0.13	8.68	-15.06	-0.92	27.07	1.52	5.01	1.02	0.23	1.36	0	0
	MU2-100.  	-380.00	0.00	0.00	100.00	H	880.0	238146.3	23.81	17.00	-21.16	0.67	7.70	-24.21	-0.34	27.92	0.38	7.66	0.45	0.18	0.65	0	0
	MU2-100.  	-380.00	0.00	0.00	100.00	H	1760.0	223467.7	22.35	22.87	-33.48	-0.30	2.78	-32.61	-1.91	27.47	0.32	10.44	0.27	0.43	0.38	0	0
	MU2-100.  	-380.00	0.00	0.00	100.00	H	3520.1	156427.5	15.64	25.81	-52.74	-1.86	-8.26	-38.41	-2.35	19.72	0.43	10.21	0.26	0.47	0.16	0	0
	MU2-100.  	-380.00	0.00	0.00	100.00	H	7040.1	110895.7	11.09	23.95	-75.75	-2.51	-24.43	-40.81	-0.61	14.01	0.09	9.54	0.14	0.29	0.07	0	0
	MU2-100.  	-380.00	0.00	0.00	100.00	H	14080.2	60091.5	6.01	10.53	-102.19	-5.42	-47.51	-36.50	-0.69	7.23	0.09	6.52	0.09	0.33	0.16	0	0
	MU2-100.  	-380.00	0.00	0.00	100.00	H	28160.4	30019.7	3.00	-20.07	-129.99	-7.08	-67.59	-14.64	-0.35	3.14	0.09	3.93	0.10	0.21	0.19	0	0
	MU2-100.  	-380.00	0.00	0.00	100.00	H	56320.9	14905.2	1.49	-72.02	-137.87	-11.00	-76.93	36.86	-1.11	1.22	0.13	2.13	0.08	0.16	0.09	0	0
	MU2-100.  	-360.00	0.00	0.00	100.00	H	110.0	254402.4	25.44	2.51	-1.51	9.78	9.72	-15.07	-2.09	26.20	1.28	3.85	4.71	2.54	3.55	0	0
	MU2-100.  	-360.00	0.00	0.00	100.00	H	220.0	248502.5	24.85	7.39	-8.70	1.31	6.84	-8.39	-1.41	26.74	1.13	3.00	1.68	0.48	1.50	0	0
	MU2-100.  	-360.00	0.00	0.00	100.00	H	440.0	245024.2	24.50	11.05	-10.61	-1.79	7.71	-13.75	0.79	27.28	1.49	4.26	0.95	0.48	1.18	0	0
	MU2-100.  	-360.00	0.00	0.00	100.00	H	880.0	238149.1	23.81	17.03	-16.04	-1.39	9.69	-22.51	-0.03	27.97	0.44	6.58	0.41	0.33	0.52	0	0
	MU2-100.  	-360.00	0.00	0.00	100.00	H	1760.0	223477.3	22.35	23.67	-30.68	-1.19	3.83	-32.11	-0.57	27.65	0.46	9.92	0.27	0.30	0.34	0	0
	MU2-100.  	-360.00	0.00	0.00	100.00	H	3520.1	156492.5	15.65	27.72	-50.03	-2.54	-7.28	-38.55	-0.49	20.02	0.41	9.88	0.23	0.41	0.14	0	0
	MU2-100.  	-360.00	0.00	0.00	100.00	H	7040.1	110864.5	11.09	25.96	-72.02	-1.70	-24.80	-41.30	0.21	14.23	0.09	9.20	0.25	0.19	0.10	0	0
	MU2-100.  	-360.00	0.00	0.00	100.00	H	14080.2	60011.4	6.00	13.27	-97.19	-3.10	-47.98	-35.82	0.23	7.38	0.10	6.22	0.13	0.19	0.18	0	0
	MU2-100.  	-360.00	0.00	0.00	100.00	H	28160.4	30068.6	3.01	-18.96	-125.62	-1.70	-68.44	-13.41	-0.66	3.19	0.11	3.80	0.10	0.05	0.18	0	0
	MU2-100.  	-360.00	0.00	0.00	100.00	H	56320.9	14934.4	1.49	-64.36	-136.10	-3.78	-71.08	35.95	-2.70	1.19	0.13	2.10	0.09	0.07	0.08	0	0
	MU2-100.  	-340.00	0.00	0.00	100.00	H	110.0	253732.1	25.37	4.38	-4.18	2.34	4.50	-12.09	5.40	26.51	1.23	3.24	3.56	1.49	3.75	0	0
	MU2-100.  	-340.00	0.00	0.00	100.00	H	220.0	248870.7	24.89	6.41	-5.21	-3.47	6.59	-4.83	-1.14	26.53	1.09	1.77	1.69	0.91	1.84	0	0
	MU2-100.  	-340.00	0.00	0.00	100.00	H	440.0	245146.6	24.51	9.61	-9.54	-0.27	9.02	-13.64	0.36	26.96	1.53	4.08	1.01	0.11	1.16	0	0
	MU2-100.  	-340.00	0.00	0.00	100.00	H	880.0	238305.7	23.83	18.08	-17.20	-1.16	8.68	-23.65	-1.30	28.22	0.44	6.97	0.44	0.41	0.64	0	0
	MU2-100.  	-340.00	0.00	0.00	100.00	H	1760.0	223244.4	22.32	24.16	-30.54	-2.38	4.03	-31.48	-1.97	27.73	0.40	9.79	0.29	0.69	0.48	0	0
	MU2-100.  	-340.00	0.00	0.00	100.00	H	3520.1	156462.7	15.65	28.64	-49.25	-3.60	-7.52	-38.46	-1.63	20.16	0.40	9.78	0.27	0.62	0.16	0	0
	MU2-100.  	-340.00	0.00	0.00	100.00	H	7040.1	110872.7	11.09	26.63	-70.36	-2.35	-25.21	-40.48	-0.15	14.32	0.11	9.00	0.12	0.26	0.08	0	0
	MU2-100.  	-340.00	0.00	0.00	100.00	H	14080.2	60087.2	6.01	12.46	-96.63	-6.90	-48.89	-34.53	-1.44	7.37	0.08	6.17	0.16	0.42	0.14	0	0
	MU2-100.  	-340.00	0.00	0.00	100.00	H	28160.5	30024.6	3.00	-23.02	-123.87	-9.44	-69.74	-11.77	-0.19	3.12	0.11	3.74	0.14	0.28	0.23	0	0
	MU2-100.  	-340.00	0.00	0.00	100.00	H	56320.9	14952.6	1.50	-66.44	-133.82	-15.50	-72.32	37.84	-2.64	1.19	0.13	2.08	0.08	0.24	0.10	0	0
	MU2-100.  	-320.00	0.00	0.00	100.00	H	110.0	254684.3	25.47	4.45	-3.89	2.60	11.05	1.85	1.70	26.75	1.40	1.10	3.09	0.79	2.67	0	0
	MU2-100.  	-320.00	0.00	0.00	100.00	H	220.0	248185.8	24.82	7.40	-10.94	-4.03	7.92	-6.49	0.47	26.73	1.02	3.16	1.80	1.01	1.66	0	0
	MU2-100.  	-320.00	0.00	0.00	100.00	H	440.0	244814.3	24.48	10.26	-11.83	-0.19	6.06	-14.87	0.17	27.03	1.38	4.65	1.01	0.06	1.08	0	0
	MU2-100.  	-320.00	0.00	0.00	100.00	H	880.0	238211.2	23.82	18.36	-20.69	-1.02	7.30	-22.73	2.04	28.25	0.36	7.32	0.47	0.54	0.70	0	0
	MU2-100.  	-320.00	0.00	0.00	100.00	H	1760.0	223219.4	22.32	23.77	-34.31	-0.76	2.99	-31.31	3.99	27.64	0.44	10.37	0.31	0.91	0.31	0	0
	MU2-100.  	-320.00	0.00	0.00	100.00	H	3520.1	156329.3	15.63	26.72	-51.15	0.97	-9.95	-36.75	4.06	19.87	0.39	9.85	0.23	0.65	0.15	0	0
	MU2-100.  	-320.00	0.00	0.00	100.00	H	7040.1	110861.1	11.09	22.90	-71.89	3.01	-28.76	-37.25	2.05	13.99	0.11	8.98	0.13	0.40	0.07	0	0
	MU2-100.  	-320.00	0.00	0.00	100.00	H	14080.2	60071.5	6.01	7.62	-97.20	6.83	-52.39	-30.74	5.07	7.19	0.09	6.12	0.12	0.51	0.11	0	0
	MU2-100.  	-320.00	0.00	0.00	100.00	H	28160.5	30034.3	3.00	-30.39	-118.71	12.63	-72.00	-5.22	2.04	3.01	0.10	3.57	0.10	0.38	0.20	0	0
	MU2-100.  	-320.00	0.00	0.00	100.00	H	56320.9	14994.2	1.50	-73.78	-122.94	15.45	-72.21	41.74	-4.30	1.15	0.13	1.95	0.08	0.24	0.09	0	0
	MU2-100.  	-300.00	0.00	0.00	100.00	H	110.0	254490.0	25.45	5.92	0.15	-1.19	8.46	3.19	0.10	27.04	1.54	0.81	3.43	0.30	3.45	0	0
	MU2-100.  	-300.00	0.00	0.00	100.00	H	220.0	248638.5	24.86	4.47	-4.65	1.95	6.37	-9.46	0.76	26.02	0.96	2.62	1.40	0.52	1.54	0	0
	MU2-100.  	-300.00	0.00	0.00	100.00	H	440.0	244292.9	24.43	11.65	-8.15	0.82	7.52	-14.27	-0.27	27.34	1.56	4.01	1.04	0.21	1.15	0	0
	MU2-100.  	-300.00	0.00	0.00	100.00	H	880.0	238576.1	23.86	17.98	-16.55	1.77	9.51	-22.51	0.87	28.24	0.41	6.66	0.52	0.47	0.64	0	0
	MU2-100.  	-300.00	0.00	0.00	100.00	H	1760.0	223162.0	22.32	24.36	-28.32	1.37	3.18	-31.62	0.74	27.76	0.46	9.47	0.34	0.35	0.32	0	0
	MU2-100.  	-300.00	0.00	0.00	100.00	H	3520.1	156828.0	15.68	27.88	-47.62	1.65	-9.36	-38.06	0.04	20.11	0.40	9.56	0.21	0.26	0.14	0	0
	MU2-100.  	-300.00	0.00	0.00	100.00	H	7040.1	110760.2	11.08	25.28	-70.46	0.39	-27.73	-40.38	-0.45	14.21	0.12	9.00	0.10	0.07	0.06	0	0
	MU2-100.  	-300.00	0.00	0.00	100.00	H	14080.2	60063.6	6.01	8.78	-95.79	0.28	-52.52	-32.20	-1.60	7.26	0.10	6.07	0.11	0.10	0.13	0	0
	MU2-100.  	-300.00	0.00	0.00	100.00	H	28160.5	30030.6	3.00	-29.10	-121.79	1.47	-70.47	-10.93	-2.58	3.00	0.13	3.67	0.10	0.09	0.19	0	0
	MU2-100.  	-300.00	0.00	0.00	100.00	H	56320.9	14968.8	1.50	-77.68	-117.45	1.71	-68.48	32.00	-3.19	1.08	0.11	1.82	0.07	0.05	0.10	0	0
	MU2-100.  	-280.00	0.00	0.00	100.00	H	110.0	254525.0	25.45	-0.19	1.03	-2.29	4.18	5.00	6.70	25.43	1.91	1.30	5.75	1.80	2.87	0	0
	MU2-100.  	-280.00	0.00	0.00	100.00	H	220.0	248196.7	24.82	9.98	-8.12	0.37	8.12	-6.66	1.29	27.37	0.97	2.61	1.31	0.33	1.63	0	0
	MU2-100.  	-280.00	0.00	0.00	100.00	H	440.0	244621.4	24.46	9.76	-11.93	-3.37	6.75	-13.22	1.09	26.90	1.37	4.36	1.05	0.87	1.43	0	0
	MU2-100.  	-280.00	0.00	0.00	100.00	H	880.0	238257.0	23.83	16.58	-17.22	-5.78	9.00	-22.85	-0.51	27.86	0.47	6.82	0.44	1.38	0.68	0	0
	MU2-100.  	-280.00	0.00	0.00	100.00	H	1760.0	223252.1	22.33	23.80	-30.52	-5.65	2.35	-31.81	0.59	27.64	0.45	9.84	0.34	1.27	0.36	0	0
	MU2-100.  	-280.00	0.00	0.00	100.00	H	3520.1	156676.3	15.67	27.37	-48.76	-5.17	-10.06	-38.78	1.56	20.02	0.38	9.76	0.28	0.85	0.15	0	0
	MU2-100.  	-280.00	0.00	0.00	100.00	H	7040.1	110651.9	11.07	23.70	-71.88	-2.66	-28.83	-39.27	2.26	14.05	0.17	9.06	0.14	0.39	0.07	0	0
	MU2-100.  	-280.00	0.00	0.00	100.00	H	14080.2	59995.0	6.00	6.80	-98.34	-4.59	-52.78	-34.60	1.00	7.15	0.10	6.25	0.14	0.28	0.13	0	0
	MU2-100.  	-280.00	0.00	0.00	100.00	H	28160.5	30059.8	3.01	-31.85	-120.06	0.84	-71.02	-7.55	1.06	2.96	0.10	3.62	0.16	0.04	0.33	0	0
	MU2-100.  	-280.00	0.00	0.00	100.00	H	56321.0	14941.8	1.49	-76.55	-124.83	-3.54	-66.90	41.14	-1.48	1.06	0.13	1.96	0.09	0.06	0.09	0	0
	MU2-100.  	-260.00	0.00	0.00	100.00	H	110.0	254560.9	25.46	5.09	-6.29	8.95	7.92	-17.59	11.13	26.83	1.51	4.76	5.28	3.63	3.12	0	0
	MU2-100.  	-260.00	0.00	0.00	100.00	H	220.0	248251.8	24.83	6.38	-6.81	-0.73	6.64	-5.94	-0.82	26.46	0.95	2.24	1.61	0.27	1.94	0	0
	MU2-100.  	-260.00	0.00	0.00	100.00	H	440.0	244753.8	24.48	10.35	-10.62	-0.78	8.53	-12.67	-2.25	27.09	1.42	4.05	1.07	0.58	1.38	0	0
	MU2-100.  	-260.00	0.00	0.00	100.00	H	880.0	238876.2	23.89	16.90	-17.51	-0.25	6.91	-23.12	0.36	27.97	0.43	6.93	0.64	0.10	0.65	0	0
	MU2-100.  	-260.00	0.00	0.00	100.00	H	1760.0	223074.9	22.31	23.04	-32.72	-1.45	1.42	-32.78	-0.48	27.45	0.44	10.33	0.35	0.34	0.30	0	0
	MU2-100.  	-260.00	0.00	0.00	100.00	H	3520.1	156764.4	15.68	24.91	-54.45	0.22	-11.75	-39.11	-0.35	19.67	0.35	10.51	0.22	0.06	0.12	0	0
	MU2-100.  	-260.00	0.00	0.00	100.00	H	7040.1	110857.0	11.09	20.60	-78.20	-0.02	-30.54	-39.67	-0.34	13.79	0.15	9.72	0.15	0.04	0.06	0	0
	MU2-100.  	-260.00	0.00	0.00	100.00	H	14080.2	60030.0	6.00	1.60	-103.33	-0.52	-54.24	-30.50	0.11	6.91	0.10	6.47	0.18	0.03	0.18	0	0
	MU2-100.  	-260.00	0.00	0.00	100.00	H	28160.5	30003.7	3.00	-37.39	-128.49	-2.95	-69.57	-6.40	-2.47	2.81	0.11	3.86	0.13	0.12	0.19	0	0
	MU2-100.  	-260.00	0.00	0.00	100.00	H	56321.0	14987.5	1.50	-82.85	-123.70	-4.37	-66.23	45.45	-1.62	1.03	0.11	1.98	0.08	0.07	0.08	0	0
	MU2-100.  	-240.00	0.00	0.00	100.00	H	110.0	254584.2	25.46	4.38	4.20	1.34	4.10	4.27	4.17	26.59	1.71	1.52	3.70	1.12	3.94	0	0
	MU2-100.  	-240.00	0.00	0.00	100.00	H	220.0	248340.0	24.83	5.79	-5.82	-0.41	5.27	-6.48	0.98	26.30	0.96	2.16	1.50	0.26	1.78	0	0
	MU2-100.  	-240.00	0.00	0.00	100.00	H	440.0	245109.2	24.51	10.40	-8.25	-1.15	9.09	-14.27	1.46	27.15	1.23	4.04	1.06	0.46	1.38	0	0
	MU2-100.  	-240.00	0.00	0.00	100.00	H	880.0	238187.2	23.82	18.06	-13.38	-4.11	8.08	-23.56	1.54	28.19	0.45	6.45	0.57	1.04	0.62	0	0
	MU2-100.  	-240.00	0.00	0.00	100.00	H	1760.0	223090.9	22.31	24.23	-27.27	-2.20	3.96	-34.18	1.77	27.73	0.48	9.76	0.33	0.63	0.39	0	0
	MU2-100.  	-240.00	0.00	0.00	100.00	H	3520.1	156636.0	15.66	28.68	-46.76	-1.38	-8.03	-41.62	2.04	20.20	0.34	9.81	0.26	0.39	0.15	0	0
	MU2-100.  	-240.00	0.00	0.00	100.00	H	7040.1	110773.4	11.08	26.81	-72.23	0.46	-25.83	-44.19	1.23	14.34	0.15	9.38	0.11	0.15	0.06	0	0
	MU2-100.  	-240.00	0.00	0.00	100.00	H	14080.2	60005.4	6.00	12.81	-99.17	2.36	-49.35	-38.45	2.07	7.39	0.12	6.38	0.26	0.19	0.30	0	0
	MU2-100.  	-240.00	0.00	0.00	100.00	H	28160.5	30020.1	3.00	-24.26	-128.71	5.41	-71.06	-14.23	3.74	3.12	0.11	3.89	0.09	0.20	0.18	0	0
	MU2-100.  	-240.00	0.00	0.00	100.00	H	56321.0	14944.5	1.49	-71.92	-135.82	2.15	-66.23	31.48	1.00	1.07	0.12	2.08	0.10	0.04	0.08	0	0
	MU2-100.  	-220.00	0.00	0.00	100.00	H	110.0	253697.2	25.37	10.97	-16.65	-4.66	0.70	-2.16	-2.10	28.15	1.53	4.26	4.31	1.30	3.67	0	0
	MU2-100.  	-220.00	0.00	0.00	100.00	H	220.0	248553.1	24.86	6.92	-9.20	-3.26	4.62	-4.32	-3.27	26.60	1.22	2.53	1.72	1.15	1.46	0	0
	MU2-100.  	-220.00	0.00	0.00	100.00	H	440.0	244549.0	24.45	12.88	-14.45	-2.49	8.46	-15.71	1.05	27.68	1.39	5.22	0.96	0.66	1.05	0	0
	MU2-100.  	-220.00	0.00	0.00	100.00	H	880.0	238382.9	23.84	17.20	-21.19	-0.81	9.08	-25.50	-0.57	28.02	0.48	7.90	0.59	0.24	0.83	0	0
	MU2-100.  	-220.00	0.00	0.00	100.00	H	1760.0	223481.5	22.35	23.07	-34.77	-4.59	1.82	-33.79	-1.80	27.51	0.44	10.84	0.26	1.10	0.31	0	0
	MU2-100.  	-220.00	0.00	0.00	100.00	H	3520.1	156629.0	15.66	25.85	-55.60	-6.01	-10.48	-39.25	-2.29	19.78	0.37	10.66	0.24	1.01	0.16	0	0
	MU2-100.  	-220.00	0.00	0.00	100.00	H	7040.1	110812.4	11.08	21.63	-78.23	-4.13	-28.98	-40.14	0.08	13.86	0.14	9.74	0.11	0.46	0.06	0	0
	MU2-100.  	-220.00	0.00	0.00	100.00	H	14080.2	60053.2	6.01	4.78	-103.95	-9.13	-53.31	-29.54	-1.40	7.06	0.09	6.49	0.12	0.55	0.10	0	0
	MU2-100.  	-220.00	0.00	0.00	100.00	H	28160.5	30038.1	3.00	-32.18	-128.12	-9.87	-71.37	-3.86	-1.66	2.96	0.11	3.85	0.08	0.30	0.19	0	0
	MU2-100.  	-220.00	0.00	0.00	100.00	H	56321.0	14884.5	1.49	-78.99	-128.84	-9.50	-66.29	46.38	1.23	1.04	0.12	2.04	0.09	0.14	0.11	0	0
	MU2-100.  	-200.00	0.00	0.00	100.00	H	110.0	254289.9	25.43	8.14	-12.08	-3.30	3.73	-0.73	-1.65	27.51	1.61	3.08	3.31	0.94	5.13	0	0
	MU2-100.  	-200.00	0.00	0.00	100.00	H	220.0	248633.3	24.86	7.25	-7.15	1.60	5.98	-9.40	1.98	26.71	1.04	2.94	1.35	0.63	2.31	0	0
	MU2-100.  	-200.00	0.00	0.00	100.00	H	440.0	244995.9	24.50	10.75	-10.57	-1.66	9.38	-14.39	-0.97	27.23	1.24	4.37	1.33	0.47	1.42	0	0
	MU2-100.  	-200.00	0.00	0.00	100.00	H	880.0	238212.0	23.82	17.76	-19.21	0.73	8.94	-25.24	-0.48	28.13	0.40	7.56	0.47	0.21	0.64	0	0
	MU2-100.  	-200.00	0.00	0.00	100.00	H	1760.0	223646.0	22.36	23.25	-33.66	-0.70	1.93	-33.64	-0.96	27.57	0.45	10.64	0.26	0.27	0.30	0	0
	MU2-100.  	-200.00	0.00	0.00	100.00	H	3520.1	156492.8	15.65	26.17	-54.11	-1.87	-10.58	-38.52	-1.61	19.81	0.35	10.39	0.26	0.39	0.17	0	0
	MU2-100.  	-200.00	0.00	0.00	100.00	H	7040.1	110740.8	11.07	21.81	-76.17	-2.26	-29.59	-37.60	-1.22	13.88	0.15	9.41	0.13	0.28	0.07	0	0
	MU2-100.  	-200.00	0.00	0.00	100.00	H	14080.2	60062.0	6.01	3.89	-102.81	-1.81	-53.28	-30.20	-0.03	7.01	0.10	6.44	0.15	0.11	0.16	0	0
	MU2-100.  	-200.00	0.00	0.00	100.00	H	28160.5	30050.5	3.01	-33.30	-125.66	3.12	-71.70	-5.62	-1.38	2.94	0.12	3.78	0.12	0.10	0.19	0	0
	MU2-100.  	-200.00	0.00	0.00	100.00	H	56321.0	14922.4	1.49	-78.36	-123.15	-2.12	-70.10	45.05	-1.95	1.09	0.11	1.96	0.07	0.04	0.09	0	0
	MU2-100.  	-180.00	0.00	0.00	100.00	H	110.0	254095.1	25.41	1.91	-7.60	2.05	-0.20	7.04	-1.20	25.89	1.49	2.63	4.16	0.60	4.47	0	0
	MU2-100.  	-180.00	0.00	0.00	100.00	H	220.0	248765.5	24.88	7.18	-7.08	0.40	7.21	-7.62	0.10	26.72	1.23	2.59	1.62	0.10	1.82	0	0
	MU2-100.  	-180.00	0.00	0.00	100.00	H	440.0	245040.1	24.50	11.52	-10.93	1.45	9.43	-15.78	1.56	27.43	1.20	4.70	1.12	0.52	1.32	0	0
	MU2-100.  	-180.00	0.00	0.00	100.00	H	880.0	238478.7	23.85	17.58	-18.49	1.00	6.86	-24.04	-0.66	28.09	0.45	7.23	0.58	0.29	0.64	0	0
	MU2-100.  	-180.00	0.00	0.00	100.00	H	1760.0	223163.3	22.32	24.28	-32.74	0.33	2.60	-34.74	-1.96	27.74	0.37	10.65	0.29	0.44	0.29	0	0
	MU2-100.  	-180.00	0.00	0.00	100.00	H	3520.1	155958.5	15.60	27.06	-53.91	-0.84	-10.34	-40.05	-2.69	19.88	0.35	10.47	0.24	0.44	0.14	0	0
	MU2-100.  	-180.00	0.00	0.00	100.00	H	7040.1	110773.7	11.08	22.94	-76.64	-1.81	-28.77	-40.11	-1.01	13.99	0.16	9.58	0.13	0.23	0.06	0	0
	MU2-100.  	-180.00	0.00	0.00	100.00	H	14080.2	60095.6	6.01	6.84	-104.96	-4.57	-52.09	-32.58	-2.18	7.14	0.10	6.60	0.13	0.30	0.17	0	0
	MU2-100.  	-180.00	0.00	0.00	100.00	H	28160.5	30000.4	3.00	-28.09	-130.46	-2.97	-72.06	-6.69	-2.36	3.05	0.12	3.92	0.10	0.11	0.19	0	0
	MU2-100.  	-180.00	0.00	0.00	100.00	H	56321.0	14643.9	1.46	-78.16	-130.78	0.78	-65.48	46.07	-1.77	1.01	0.11	2.03	0.08	0.03	0.08	0	0
	MU2-100.  	-160.00	0.00	0.00	100.00	H	110.0	254230.8	25.42	14.94	-0.74	3.89	5.28	-10.58	3.97	29.25	1.86	2.70	5.11	1.41	3.74	0	0
	MU2-100.  	-160.00	0.00	0.00	100.00	H	220.0	248663.6	24.87	7.23	-3.90	0.19	6.98	-8.52	0.55	26.72	1.07	2.33	1.82	0.15	1.81	0	0
	MU2-100.  	-160.00	0.00	0.00	100.00	H	440.0	245003.6	24.50	11.69	-9.97	-0.01	8.21	-14.86	2.06	27.44	1.36	4.38	0.93	0.50	1.07	0	0
	MU2-100.  	-160.00	0.00	0.00	100.00	H	880.0	238046.8	23.80	16.42	-19.76	0.08	7.00	-24.75	-1.15	27.76	0.50	7.54	0.52	0.27	0.52	0	0
	MU2-100.  	-160.00	0.00	0.00	100.00	H	1760.0	223230.0	22.32	24.51	-34.42	2.50	2.28	-34.29	0.89	27.80	0.37	10.85	0.24	0.59	0.30	0	0
	MU2-100.  	-160.00	0.00	0.00	100.00	H	3520.1	156456.8	15.65	26.95	-53.98	3.39	-11.51	-39.29	0.66	19.94	0.35	10.45	0.29	0.54	0.15	0	0
	MU2-100.  	-160.00	0.00	0.00	100.00	H	7040.1	110769.6	11.08	22.32	-77.81	2.56	-30.17	-38.82	-0.35	13.96	0.17	9.63	0.12	0.29	0.05	0	0
	MU2-100.  	-160.00	0.00	0.00	100.00	H	14080.2	60088.0	6.01	4.09	-101.91	4.15	-53.24	-29.58	1.09	7.03	0.11	6.38	0.18	0.26	0.18	0	0
	MU2-100.  	-160.00	0.00	0.00	100.00	H	28160.5	29990.8	3.00	-34.86	-122.82	7.43	-70.68	-2.34	-2.76	2.88	0.11	3.68	0.10	0.24	0.19	0	0
	MU2-100.  	-160.00	0.00	0.00	100.00	H	56321.0	14992.0	1.50	-84.44	-120.53	10.23	-68.23	45.39	-4.81	1.05	0.10	1.93	0.09	0.17	0.10	0	0
	MU2-100.  	-140.00	0.00	0.00	100.00	H	110.0	254023.7	25.40	9.47	2.42	-1.27	11.07	-0.01	0.75	27.95	1.84	0.62	3.94	0.37	2.74	0	0
	MU2-100.  	-140.00	0.00	0.00	100.00	H	220.0	248719.2	24.87	11.23	-8.74	-0.01	6.92	-6.12	0.67	27.72	1.14	2.65	1.32	0.17	1.98	0	0
	MU2-100.  	-140.00	0.00	0.00	100.00	H	440.0	244635.9	24.46	12.34	-21.31	-0.39	7.84	-14.17	-0.30	27.55	1.19	6.26	1.22	0.12	1.50	0	0
	MU2-100.  	-140.00	0.00	0.00	100.00	H	880.0	238362.3	23.84	17.16	-28.21	-1.03	5.52	-26.04	-0.65	27.96	0.42	9.15	0.60	0.29	0.59	0	0
	MU2-100.  	-140.00	0.00	0.00	100.00	H	1760.0	223220.8	22.32	22.66	-44.59	-2.90	-0.52	-35.14	-0.24	27.38	0.42	12.67	0.32	0.65	0.39	0	0
	MU2-100.  	-140.00	0.00	0.00	100.00	H	3520.1	156611.1	15.66	23.57	-64.47	-3.72	-15.39	-39.10	-0.22	19.50	0.34	11.81	0.21	0.58	0.15	0	0
	MU2-100.  	-140.00	0.00	0.00	100.00	H	7040.1	110673.0	11.07	15.56	-88.51	-3.03	-35.22	-36.76	0.46	13.37	0.17	10.61	0.17	0.34	0.08	0	0
	MU2-100.  	-140.00	0.00	0.00	100.00	H	14080.3	60026.0	6.00	-5.96	-111.51	-5.06	-57.66	-24.46	-1.10	6.62	0.11	6.85	0.18	0.31	0.18	0	0
	MU2-100.  	-140.00	0.00	0.00	100.00	H	28160.5	30032.5	3.00	-46.48	-128.73	0.13	-72.37	3.71	-0.42	2.70	0.10	3.87	0.12	0.01	0.21	0	0
	MU2-100.  	-140.00	0.00	0.00	100.00	H	56321.0	14954.7	1.50	-95.90	-121.69	3.92	-62.45	50.38	1.22	0.94	0.14	1.97	0.08	0.06	0.10	0	0
	MU2-100.  	-120.00	0.00	0.00	100.00	H	110.0	254029.2	25.40	7.88	4.22	4.12	8.98	-9.16	8.88	27.50	2.36	2.56	5.10	2.49	3.80	0	0
	MU2-100.  	-120.00	0.00	0.00	100.00	H	220.0	248611.4	24.86	9.19	-7.81	-4.06	6.86	-10.50	0.80	27.20	1.15	3.25	1.72	1.03	1.73	0	0
	MU2-100.  	-120.00	0.00	0.00	100.00	H	440.0	244698.2	24.47	9.53	-12.37	-2.83	8.42	-15.49	-0.33	26.88	1.35	4.85	0.99	0.70	1.31	0	0
	MU2-100.  	-120.00	0.00	0.00	100.00	H	880.0	238354.2	23.84	17.78	-17.81	-2.06	9.44	-25.22	-0.43	28.16	0.43	7.36	0.51	0.50	0.54	0	0
	MU2-100.  	-120.00	0.00	0.00	100.00	H	1760.0	223604.7	22.36	25.97	-33.18	1.13	2.07	-34.96	1.34	28.17	0.35	10.78	0.30	0.39	0.34	0	0
	MU2-100.  	-120.00	0.00	0.00	100.00	H	3520.1	156795.5	15.68	28.81	-51.68	2.80	-12.65	-39.40	1.01	20.29	0.34	10.19	0.21	0.47	0.16	0	0
	MU2-100.  	-120.00	0.00	0.00	100.00	H	7040.1	110677.1	11.07	22.89	-76.32	2.48	-33.32	-37.29	0.09	14.09	0.18	9.40	0.18	0.27	0.08	0	0
	MU2-100.  	-120.00	0.00	0.00	100.00	H	14080.3	60067.0	6.01	2.72	-99.90	4.88	-56.75	-24.49	-1.31	7.05	0.11	6.18	0.12	0.30	0.11	0	0
	MU2-100.  	-120.00	0.00	0.00	100.00	H	28160.5	30047.8	3.00	-38.19	-116.39	7.21	-72.64	0.31	-2.77	2.87	0.10	3.50	0.10	0.23	0.21	0	0
	MU2-100.  	-120.00	0.00	0.00	100.00	H	56321.0	14908.2	1.49	-86.98	-105.03	5.23	-59.59	46.42	-6.99	0.91	0.13	1.71	0.08	0.13	0.09	0	0
	MU2-100.  	-100.00	0.00	0.00	100.00	H	110.0	254125.1	25.41	-3.91	4.97	0.77	11.49	-0.26	-0.10	24.59	2.50	1.26	5.97	0.20	4.28	0	0
	MU2-100.  	-100.00	0.00	0.00	100.00	H	220.0	248212.8	24.82	8.63	-8.85	-0.58	10.00	-8.01	-0.98	27.08	1.08	2.96	1.59	0.28	2.05	0	0
	MU2-100.  	-100.00	0.00	0.00	100.00	H	440.0	244811.1	24.48	10.75	-10.32	-0.36	8.31	-14.43	0.18	27.19	1.26	4.34	0.97	0.10	1.14	0	0
	MU2-100.  	-100.00	0.00	0.00	100.00	H	880.0	238063.7	23.81	17.47	-17.94	-0.14	8.71	-24.66	0.21	28.04	0.37	7.26	0.87	0.06	0.69	0	0
	MU2-100.  	-100.00	0.00	0.00	100.00	H	1760.0	223132.3	22.31	25.28	-35.40	0.68	0.62	-35.32	1.58	27.95	0.43	11.16	0.34	0.38	0.31	0	0
	MU2-100.  	-100.00	0.00	0.00	100.00	H	3520.1	156760.5	15.68	28.12	-57.39	0.71	-14.41	-39.50	0.79	20.21	0.38	10.92	0.23	0.17	0.16	0	0
	MU2-100.  	-100.00	0.00	0.00	100.00	H	7040.1	110751.5	11.08	20.51	-80.98	1.64	-35.57	-36.38	-0.44	13.92	0.18	9.83	0.16	0.19	0.06	0	0
	MU2-100.  	-100.00	0.00	0.00	100.00	H	14080.3	60075.4	6.01	-1.94	-105.28	3.17	-58.42	-21.96	-1.81	6.86	0.11	6.46	0.27	0.22	0.17	0	0
	MU2-100.  	-100.00	0.00	0.00	100.00	H	28160.5	30082.0	3.01	-45.07	-118.48	5.78	-72.36	4.59	-3.77	2.73	0.11	3.57	0.08	0.21	0.18	0	0
	MU2-100.  	-100.00	0.00	0.00	100.00	H	56321.0	14952.7	1.50	-90.46	-108.80	3.31	-64.16	47.11	-6.97	0.97	0.13	1.77	0.08	0.12	0.08	0	0
	MU2-100.  	-80.00	0.00	0.00	100.00	H	110.0	254034.9	25.40	9.36	-17.82	-2.51	2.98	-0.28	-4.63	27.79	3.58	4.53	5.05	1.34	4.62	0	0
	MU2-100.  	-80.00	0.00	0.00	100.00	H	220.0	248554.3	24.86	6.06	-2.86	-4.06	5.94	-6.69	1.74	26.40	1.39	1.81	1.24	1.10	1.99	0	0
	MU2-100.  	-80.00	0.00	0.00	100.00	H	440.0	244601.7	24.46	12.69	-6.95	-4.19	9.16	-17.54	-2.07	27.65	1.33	4.61	1.19	1.14	1.30	0	0
	MU2-100.  	-80.00	0.00	0.00	100.00	H	880.0	238710.4	23.87	19.79	-18.30	-4.78	7.13	-26.02	-1.27	28.65	0.41	7.59	0.52	1.18	0.53	0	0
	MU2-100.  	-80.00	0.00	0.00	100.00	H	1760.0	223086.9	22.31	26.34	-32.87	-6.51	0.72	-35.47	-1.05	28.18	0.49	10.79	0.33	1.47	0.36	0	0
	MU2-100.  	-80.00	0.00	0.00	100.00	H	3520.1	156321.3	15.63	28.29	-54.74	-6.97	-15.10	-39.80	-1.08	20.19	0.33	10.58	0.30	1.10	0.14	0	0
	MU2-100.  	-80.00	0.00	0.00	100.00	H	7040.1	110658.5	11.07	19.84	-80.43	-1.66	-37.06	-35.28	0.34	13.88	0.18	9.72	0.17	0.19	0.06	0	0
	MU2-100.  	-80.00	0.00	0.00	100.00	H	14080.3	60093.3	6.01	-3.42	-103.67	-1.45	-60.11	-19.97	-2.09	6.84	0.11	6.34	0.13	0.15	0.15	0	0
	MU2-100.  	-80.00	0.00	0.00	100.00	H	28160.5	30028.2	3.00	-45.41	-114.47	-2.75	-71.70	9.91	-0.14	2.71	0.11	3.45	0.10	0.08	0.19	0	0
	MU2-100.  	-80.00	0.00	0.00	100.00	H	56321.0	14649.3	1.46	-91.50	-102.39	4.56	-61.99	52.03	-4.08	0.92	0.13	1.68	0.10	0.09	0.10	0	0
	MU2-100.  	-60.00	0.00	0.00	100.00	H	110.0	253824.6	25.38	5.20	1.69	8.51	14.00	-1.91	13.87	26.94	3.31	0.65	3.25	4.13	4.56	0	0
	MU2-100.  	-60.00	0.00	0.00	100.00	H	220.0	248508.1	24.85	7.36	-5.83	-2.07	7.55	-8.63	2.02	26.75	1.10	2.59	1.50	0.72	1.85	0	0
	MU2-100.  	-60.00	0.00	0.00	100.00	H	440.0	244850.5	24.49	12.50	-11.81	-0.97	6.83	-16.08	1.70	27.60	1.31	4.88	1.26	0.48	1.41	0	0
	MU2-100.  	-60.00	0.00	0.00	100.00	H	880.0	237896.5	23.79	18.93	-17.74	0.76	7.29	-26.54	2.57	28.35	0.52	7.59	0.62	0.64	0.61	0	0
	MU2-100.  	-60.00	0.00	0.00	100.00	H	1760.0	223093.9	22.31	26.75	-33.56	0.54	0.64	-35.94	3.81	28.28	0.44	10.97	0.33	0.86	0.38	0	0
	MU2-100.  	-60.00	0.00	0.00	100.00	H	3520.1	156372.3	15.64	28.65	-55.65	2.93	-14.84	-40.52	3.64	20.25	0.32	10.76	0.23	0.73	0.16	0	0
	MU2-100.  	-60.00	0.00	0.00	100.00	H	7040.1	110727.9	11.07	20.30	-79.62	4.15	-37.15	-35.41	1.58	13.94	0.21	9.65	0.20	0.49	0.09	0	0
	MU2-100.  	-60.00	0.00	0.00	100.00	H	14080.3	60046.5	6.00	-3.33	-102.83	7.37	-59.99	-20.57	3.67	6.83	0.12	6.30	0.15	0.49	0.18	0	0
	MU2-100.  	-60.00	0.00	0.00	100.00	H	28160.5	30021.1	3.00	-44.47	-115.67	11.59	-74.46	8.21	-2.65	2.79	0.09	3.48	0.10	0.36	0.20	0	0
	MU2-100.  	-60.00	0.00	0.00	100.00	H	56321.0	14738.0	1.47	-86.50	-103.94	22.31	-66.70	54.01	-8.19	1.00	0.13	1.73	0.08	0.35	0.08	0	0
	MU2-100.  	-40.00	0.00	0.00	100.00	H	110.0	253913.6	25.39	-0.68	-8.03	-1.92	2.62	7.66	4.63	25.23	3.32	2.82	4.14	1.27	2.69	0	0
	MU2-100.  	-40.00	0.00	0.00	100.00	H	220.0	248057.3	24.81	5.66	-8.54	0.12	7.21	-6.44	-0.90	26.27	0.89	2.65	2.16	0.23	1.99	0	0
	MU2-100.  	-40.00	0.00	0.00	100.00	H	440.0	244677.5	24.47	12.03	-15.05	-1.67	7.26	-18.37	-0.58	27.47	1.07	5.81	1.23	0.43	1.11	0	0
	MU2-100.  	-40.00	0.00	0.00	100.00	H	880.0	238050.5	23.81	18.31	-23.66	-3.72	5.06	-26.53	0.00	28.19	0.38	8.46	0.54	0.89	0.69	0	0
	MU2-100.  	-40.00	0.00	0.00	100.00	H	1760.0	223520.7	22.35	24.13	-40.94	-3.83	-2.08	-35.98	-0.63	27.75	0.45	12.18	0.35	0.87	0.25	0	0
	MU2-100.  	-40.00	0.00	0.00	100.00	H	3520.1	156341.2	15.63	24.22	-65.25	-4.19	-17.71	-40.04	0.07	19.62	0.31	11.97	0.27	0.66	0.16	0	0
	MU2-100.  	-40.00	0.00	0.00	100.00	H	7040.1	110686.5	11.07	14.83	-88.63	-1.31	-37.94	-34.93	0.64	13.39	0.18	10.54	0.14	0.16	0.05	0	0
	MU2-100.  	-40.00	0.00	0.00	100.00	H	14080.3	60126.4	6.01	-8.17	-110.07	-3.70	-59.17	-17.27	0.73	6.57	0.11	6.70	0.16	0.23	0.16	0	0
	MU2-100.  	-40.00	0.00	0.00	100.00	H	28160.5	30000.9	3.00	-49.02	-122.54	0.06	-69.80	10.83	0.44	2.59	0.11	3.69	0.14	0.01	0.28	0	0
	MU2-100.  	-40.00	0.00	0.00	100.00	H	56321.0	14952.9	1.50	-93.71	-113.19	-0.24	-56.85	57.23	-0.55	0.86	0.13	1.90	0.08	0.01	0.10	0	0
	MU2-100.  	-20.00	0.00	0.00	100.00	H	110.0	254103.3	25.41	11.08	-10.68	8.40	6.01	-12.22	0.36	28.27	3.68	4.12	5.71	2.14	4.41	0	0
	MU2-100.  	-20.00	0.00	0.00	100.00	H	220.0	248384.9	24.84	9.57	-3.42	-0.62	7.35	-8.36	-1.40	27.28	1.17	2.24	1.63	0.38	2.00	0	0
	MU2-100.  	-20.00	0.00	0.00	100.00	H	440.0	244442.8	24.44	13.11	-10.31	-5.51	7.47	-18.13	0.73	27.71	1.14	5.10	1.11	1.36	1.14	0	0
	MU2-100.  	-20.00	0.00	0.00	100.00	H	880.0	237971.3	23.80	19.27	-18.48	-2.74	7.65	-27.18	0.27	28.44	0.48	7.82	0.62	0.65	0.55	0	0
	MU2-100.  	-20.00	0.00	0.00	100.00	H	1760.0	223409.6	22.34	26.73	-36.47	-3.12	0.73	-37.95	-0.28	28.31	0.50	11.76	0.28	0.70	0.41	0	0
	MU2-100.  	-20.00	0.00	0.00	100.00	H	3520.1	156738.7	15.67	27.12	-61.24	-2.50	-15.30	-41.52	-0.49	20.07	0.33	11.60	0.20	0.40	0.13	0	0
	MU2-100.  	-20.00	0.00	0.00	100.00	H	7040.1	110642.5	11.06	18.69	-86.08	-0.93	-35.21	-38.26	0.40	13.70	0.18	10.42	0.16	0.11	0.09	0	0
	MU2-100.  	-20.00	0.00	0.00	100.00	H	14080.3	60077.6	6.01	-2.19	-108.76	-1.40	-55.86	-24.97	0.38	6.77	0.11	6.70	0.21	0.09	0.22	0	0
	MU2-100.  	-20.00	0.00	0.00	100.00	H	28160.5	30060.0	3.01	-41.62	-126.59	0.12	-66.00	-0.77	0.57	2.65	0.12	3.81	0.09	0.02	0.15	0	0
	MU2-100.  	-20.00	0.00	0.00	100.00	H	56321.0	14600.0	1.46	-83.65	-131.90	-1.80	-64.69	44.41	-1.59	0.97	0.12	2.03	0.08	0.04	0.08	0	0
	MU2-100.  	0.00	0.00	0.00	100.00	H	110.0	253697.7	25.37	-5.55	2.13	-7.39	10.23	-0.34	16.27	24.10	3.59	0.55	3.59	4.53	3.10	0	0
	MU2-100.  	0.00	0.00	0.00	100.00	H	220.0	248421.6	24.84	8.40	-8.48	-3.02	7.82	-10.88	1.75	27.00	1.26	3.43	2.08	0.87	1.64	0	0
	MU2-100.  	0.00	0.00	0.00	100.00	H	440.0	244320.9	24.43	12.50	-13.93	-7.16	9.47	-17.51	2.96	27.58	1.24	5.47	1.16	1.89	1.19	0	0
	MU2-100.  	0.00	0.00	0.00	100.00	H	880.0	238180.1	23.82	17.85	-24.15	-3.58	7.72	-29.90	1.23	28.13	0.43	9.15	0.56	0.90	0.56	0	0
	MU2-100.  	0.00	0.00	0.00	100.00	H	1760.0	223276.4	22.33	25.75	-44.18	-0.72	-0.41	-39.20	2.37	28.08	0.48	13.19	0.35	0.55	0.28	0	0
	MU2-100.  	0.00	0.00	0.00	100.00	H	3520.1	156850.2	15.69	25.22	-66.83	-0.30	-17.09	-42.49	2.86	19.82	0.33	12.42	0.24	0.45	0.17	0	0
	MU2-100.  	0.00	0.00	0.00	100.00	H	7040.1	110814.8	11.08	15.51	-93.19	1.23	-36.69	-37.13	1.56	13.43	0.19	11.12	0.17	0.22	0.05	0	0
	MU2-100.  	0.00	0.00	0.00	100.00	H	14080.3	60060.1	6.01	-7.81	-113.79	2.67	-57.56	-21.83	3.57	6.53	0.10	6.96	0.23	0.27	0.20	0	0
	MU2-100.  	0.00	0.00	0.00	100.00	H	28160.5	30041.9	3.00	-45.50	-129.02	3.64	-68.73	2.52	-1.11	2.64	0.09	3.88	0.10	0.11	0.18	0	0
	MU2-100.  	0.00	0.00	0.00	100.00	H	56321.0	14609.3	1.46	-90.23	-130.12	0.12	-62.05	45.99	-5.29	0.92	0.12	2.02	0.12	0.08	0.11	0	0
