42
# x y z
0	0	0
1	0	0
2	0	0
3	0	0
4	0	0
5	0	0
6	0	0
7	0	0
8	0	0
9	0	0
10	0	0
11	0	0
12	0	0
13	0	0
14	0	0
15	0	0
16	0	0
17	0	0
18	0	0
19	0	0
20	0	0
21	0	0
22	0	0
23	0	0
24	0	0
25	0	0
26	0	0
27	0	0
28	0	0
29	0	0
30	0	0
31	0	0
32	0	0
33	0	0
34	0	0
35	0	0
36	0	0
37	0	0
38	0	0
39	0	0
40	0	0
41	0	0
835
# a b m n rhoa ip k
2	1	3	4	3.08567200000000e+02	8.72620000000000e+00	1.88495559215388e+01
2	1	5	6	3.77537800000000e+02	9.42460000000000e+00	1.88495559215388e+02
2	1	7	8	3.30843600000000e+02	2.05830000000000e+01	6.59734457253855e+02
2	1	9	10	3.68068500000000e+02	3.49130000000000e+01	1.58336269740927e+03
2	1	4	5	3.45927100000000e+02	9.82280000000000e+00	7.53982236861549e+01
2	1	6	7	4.09336900000000e+02	1.81220000000000e+01	3.76991118430775e+02
2	1	8	9	3.26689900000000e+02	2.93700000000000e+01	1.05557513160617e+03
2	1	10	11	3.28728700000000e+02	4.51720000000000e+01	2.26194671058463e+03
3	2	4	5	2.81046900000000e+02	8.32140000000000e+00	1.88495559215388e+01
3	2	6	7	4.23907700000000e+02	1.30390000000000e+01	1.88495559215388e+02
3	2	8	9	3.75976100000000e+02	2.13000000000000e+01	6.59734457253855e+02
3	2	10	11	3.99213200000000e+02	3.26190000000000e+01	1.58336269740927e+03
3	2	5	6	3.59732500000000e+02	6.97560000000000e+00	7.53982236861549e+01
3	2	7	8	3.65153600000000e+02	1.45780000000000e+01	3.76991118430775e+02
3	2	9	10	4.38095300000000e+02	2.55770000000000e+01	1.05557513160617e+03
3	2	11	12	2.86136300000000e+02	4.04650000000000e+01	2.26194671058463e+03
4	3	5	6	3.02497700000000e+02	5.10120000000000e+00	1.88495559215388e+01
4	3	7	8	3.73711300000000e+02	1.03010000000000e+01	1.88495559215388e+02
4	3	9	10	4.99326600000000e+02	1.84570000000000e+01	6.59734457253855e+02
4	3	11	12	3.46376400000000e+02	3.05760000000000e+01	1.58336269740927e+03
4	3	6	7	4.00349500000000e+02	1.06330000000000e+01	7.53982236861549e+01
4	3	8	9	4.08319100000000e+02	1.51600000000000e+01	3.76991118430775e+02
4	3	10	11	4.70913200000000e+02	2.41110000000000e+01	1.05557513160617e+03
4	3	12	13	3.52072000000000e+02	4.28640000000000e+01	2.26194671058463e+03
5	4	6	7	3.12393700000000e+02	9.49880000000000e+00	1.88495559215388e+01
5	4	8	9	3.67415600000000e+02	1.06130000000000e+01	1.88495559215388e+02
5	4	10	11	4.67217300000000e+02	1.67930000000000e+01	6.59734457253855e+02
5	4	12	13	3.72486100000000e+02	3.23970000000000e+01	1.58336269740927e+03
5	4	7	8	3.12382400000000e+02	6.86560000000000e+00	7.53982236861549e+01
5	4	9	10	4.74104000000000e+02	1.28820000000000e+01	3.76991118430775e+02
5	4	11	12	3.55285500000000e+02	2.22700000000000e+01	1.05557513160617e+03
5	4	13	14	2.38748500000000e+02	4.09270000000000e+01	2.26194671058463e+03
6	5	7	8	2.35412100000000e+02	8.14720000000000e+00	1.88495559215388e+01
6	5	9	10	4.33313600000000e+02	9.48570000000000e+00	1.88495559215388e+02
6	5	11	12	3.56804200000000e+02	1.65310000000000e+01	6.59734457253855e+02
6	5	13	14	2.56504800000000e+02	3.31130000000000e+01	1.58336269740927e+03
6	5	8	9	3.11801800000000e+02	9.67830000000000e+00	7.53982236861549e+01
6	5	10	11	4.50089700000000e+02	1.24780000000000e+01	3.76991118430775e+02
6	5	12	13	3.89116700000000e+02	2.61470000000000e+01	1.05557513160617e+03
6	5	14	15	1.74665300000000e+02	3.92870000000000e+01	2.26194671058463e+03
7	6	8	9	3.18086200000000e+02	9.57270000000000e+00	1.88495559215388e+01
7	6	10	11	5.10615600000000e+02	8.67970000000000e+00	1.88495559215388e+02
7	6	12	13	4.76163300000000e+02	1.95180000000000e+01	6.59734457253855e+02
7	6	14	15	2.27165000000000e+02	3.05820000000000e+01	1.58336269740927e+03
7	6	9	10	4.66194800000000e+02	8.19200000000000e+00	7.53982236861549e+01
7	6	11	12	4.20533600000000e+02	1.13250000000000e+01	3.76991118430775e+02
7	6	13	14	3.23892700000000e+02	2.57570000000000e+01	1.05557513160617e+03
7	6	15	16	1.62138600000000e+02	4.18420000000000e+01	2.26194671058463e+03
8	7	9	10	3.71977100000000e+02	9.14840000000000e+00	1.88495559215388e+01
8	7	11	12	3.46096700000000e+02	9.63240000000000e+00	1.88495559215388e+02
8	7	10	11	4.13506500000000e+02	7.92400000000000e+00	7.53982236861549e+01
8	7	12	13	4.10958000000000e+02	1.50680000000000e+01	3.76991118430775e+02
8	7	14	15	2.10175600000000e+02	2.46750000000000e+01	1.05557513160617e+03
8	7	16	17	1.01170100000000e+02	4.17770000000000e+01	2.26194671058463e+03
8	7	13	14	2.89623400000000e+02	2.04990000000000e+01	6.59734457253855e+02
8	7	15	16	1.54525100000000e+02	3.60740000000000e+01	1.58336269740927e+03
9	8	10	11	4.99739400000000e+02	6.46260000000000e+00	1.88495559215388e+01
9	8	12	13	5.12481800000000e+02	1.10900000000000e+01	1.88495559215388e+02
9	8	11	12	4.25328900000000e+02	6.43430000000000e+00	7.53982236861549e+01
9	8	13	14	3.67098900000000e+02	1.49900000000000e+01	3.76991118430775e+02
9	8	15	16	2.10080600000000e+02	2.79120000000000e+01	1.05557513160617e+03
9	8	17	18	2.33840100000000e+02	4.44320000000000e+01	2.26194671058463e+03
9	8	14	15	2.76052700000000e+02	1.71730000000000e+01	6.59734457253855e+02
9	8	16	17	1.41316700000000e+02	3.19990000000000e+01	1.58336269740927e+03
10	9	11	12	5.12010500000000e+02	5.63090000000000e+00	1.88495559215388e+01
10	9	13	14	4.74594100000000e+02	1.10940000000000e+01	1.88495559215388e+02
10	9	12	13	6.59199200000000e+02	9.72600000000000e+00	7.53982236861549e+01
10	9	14	15	3.66819900000000e+02	1.15130000000000e+01	3.76991118430775e+02
10	9	16	17	2.02227100000000e+02	2.25180000000000e+01	1.05557513160617e+03
10	9	18	19	1.73079600000000e+02	4.68300000000000e+01	2.26194671058463e+03
10	9	15	16	2.90012700000000e+02	2.02920000000000e+01	6.59734457253855e+02
10	9	17	18	3.42370500000000e+02	3.48610000000000e+01	1.58336269740927e+03
11	10	12	13	7.22088800000000e+02	9.63930000000000e+00	1.88495559215388e+01
11	10	13	14	5.41804100000000e+02	8.88280000000000e+00	7.53982236861549e+01
11	10	14	15	4.25208300000000e+02	8.36660000000000e+00	1.88495559215388e+02
11	10	15	16	3.50669600000000e+02	1.65410000000000e+01	3.76991118430775e+02
11	10	16	17	2.54189100000000e+02	1.78780000000000e+01	6.59734457253855e+02
11	10	17	18	4.43531600000000e+02	2.97840000000000e+01	1.05557513160617e+03
11	10	18	19	2.30505900000000e+02	3.69900000000000e+01	1.58336269740927e+03
11	10	19	20	1.96307600000000e+02	4.72710000000000e+01	2.26194671058463e+03
12	11	13	14	5.13575000000000e+02	7.33360000000000e+00	1.88495559215388e+01
12	11	15	16	3.25154800000000e+02	1.15390000000000e+01	1.88495559215388e+02
12	11	14	15	3.83731700000000e+02	5.40750000000000e+00	7.53982236861549e+01
12	11	16	17	2.43540000000000e+02	1.17250000000000e+01	3.76991118430775e+02
12	11	18	19	2.33239900000000e+02	2.58360000000000e+01	1.05557513160617e+03
12	11	20	21	1.49829100000000e+02	4.25220000000000e+01	2.26194671058463e+03
12	11	17	18	4.35404900000000e+02	2.12010000000000e+01	6.59734457253855e+02
12	11	19	20	2.03873800000000e+02	3.63320000000000e+01	1.58336269740927e+03
13	12	14	15	4.89447600000000e+02	6.06260000000000e+00	1.88495559215388e+01
13	12	16	17	3.41554000000000e+02	8.97960000000000e+00	1.88495559215388e+02
13	12	15	16	4.40544300000000e+02	1.08170000000000e+01	7.53982236861549e+01
13	12	17	18	6.25654500000000e+02	1.68630000000000e+01	3.76991118430775e+02
13	12	19	20	3.14033600000000e+02	2.82080000000000e+01	1.05557513160617e+03
13	12	21	22	2.23855800000000e+02	4.06100000000000e+01	2.26194671058463e+03
13	12	18	19	3.49705400000000e+02	2.03490000000000e+01	6.59734457253855e+02
13	12	20	21	2.38422800000000e+02	3.12600000000000e+01	1.58336269740927e+03
14	13	15	16	3.51676200000000e+02	8.64490000000000e+00	1.88495559215388e+01
14	13	17	18	5.43338400000000e+02	1.17200000000000e+01	1.88495559215388e+02
14	13	16	17	2.91866500000000e+02	5.53960000000000e+00	7.53982236861549e+01
14	13	18	19	3.19635700000000e+02	1.35330000000000e+01	3.76991118430775e+02
14	13	20	21	2.34812700000000e+02	2.30440000000000e+01	1.05557513160617e+03
14	13	22	23	2.06167400000000e+02	3.42790000000000e+01	2.26194671058463e+03
14	13	19	20	2.97942700000000e+02	1.97320000000000e+01	6.59734457253855e+02
14	13	21	22	2.27133400000000e+02	3.09850000000000e+01	1.58336269740927e+03
15	14	16	17	2.49756600000000e+02	6.48730000000000e+00	1.88495559215388e+01
15	14	17	18	4.47254700000000e+02	9.82470000000000e+00	7.53982236861549e+01
15	14	18	19	2.79840500000000e+02	1.13670000000000e+01	1.88495559215388e+02
15	14	19	20	2.69835200000000e+02	1.49660000000000e+01	3.76991118430775e+02
15	14	20	21	2.23880900000000e+02	1.64820000000000e+01	6.59734457253855e+02
15	14	21	22	2.25608100000000e+02	2.41000000000000e+01	1.05557513160617e+03
15	14	22	23	2.10508100000000e+02	2.75900000000000e+01	1.58336269740927e+03
15	14	23	24	1.86298500000000e+02	3.40690000000000e+01	2.26194671058463e+03
16	15	17	18	4.58817000000000e+02	9.25780000000000e+00	1.88495559215388e+01
16	15	18	19	3.00952000000000e+02	8.81650000000000e+00	7.53982236861549e+01
16	15	19	20	2.72564600000000e+02	9.54710000000000e+00	1.88495559215388e+02
16	15	20	21	2.36173600000000e+02	1.18690000000000e+01	3.76991118430775e+02
16	15	21	22	2.48330600000000e+02	1.73570000000000e+01	6.59734457253855e+02
16	15	22	23	2.37631100000000e+02	2.00000000000000e+01	1.05557513160617e+03
16	15	23	24	2.16714900000000e+02	2.55010000000000e+01	1.58336269740927e+03
16	15	24	25	1.80915000000000e+02	3.20030000000000e+01	2.26194671058463e+03
17	16	18	19	4.02023300000000e+02	8.57050000000000e+00	1.88495559215388e+01
17	16	20	21	2.45119600000000e+02	7.64880000000000e+00	1.88495559215388e+02
17	16	19	20	2.85329500000000e+02	8.60040000000000e+00	7.53982236861549e+01
17	16	21	22	2.66189700000000e+02	1.25340000000000e+01	3.76991118430775e+02
17	16	23	24	2.48735700000000e+02	1.80970000000000e+01	1.05557513160617e+03
17	16	25	26	2.19026600000000e+02	3.24790000000000e+01	2.26194671058463e+03
17	16	22	23	2.64223700000000e+02	1.35830000000000e+01	6.59734457253855e+02
17	16	24	25	2.11268100000000e+02	2.30210000000000e+01	1.58336269740927e+03
18	17	19	20	3.80591400000000e+02	8.92200000000000e+00	1.88495559215388e+01
18	17	21	22	4.66375700000000e+02	1.10180000000000e+01	1.88495559215388e+02
18	17	20	21	3.84561100000000e+02	7.71530000000000e+00	7.53982236861549e+01
18	17	22	23	4.93029000000000e+02	1.13060000000000e+01	3.76991118430775e+02
18	17	24	25	4.37799800000000e+02	1.90330000000000e+01	1.05557513160617e+03
18	17	26	27	2.89778000000000e+02	3.69610000000000e+01	2.26194671058463e+03
18	17	23	24	4.93158100000000e+02	1.49230000000000e+01	6.59734457253855e+02
18	17	25	26	4.65255300000000e+02	2.73900000000000e+01	1.58336269740927e+03
19	18	20	21	3.13637800000000e+02	6.74060000000000e+00	1.88495559215388e+01
19	18	22	23	3.77424700000000e+02	7.82920000000000e+00	1.88495559215388e+02
19	18	21	22	3.54974800000000e+02	8.93160000000000e+00	7.53982236861549e+01
19	18	23	24	3.95086700000000e+02	9.84950000000000e+00	3.76991118430775e+02
19	18	25	26	3.95956800000000e+02	1.94850000000000e+01	1.05557513160617e+03
19	18	27	28	2.18329900000000e+02	4.33460000000000e+01	2.26194671058463e+03
19	18	24	25	3.59819200000000e+02	1.24260000000000e+01	6.59734457253855e+02
19	18	26	27	2.49712100000000e+02	2.61650000000000e+01	1.58336269740927e+03
20	19	21	22	3.75351200000000e+02	7.42420000000000e+00	1.88495559215388e+01
20	19	27	28	2.70200800000000e+02	3.65050000000000e+01	1.58336269740927e+03
20	19	28	29	2.31759100000000e+02	5.26500000000000e+01	2.26194671058463e+03
20	19	26	27	3.03667800000000e+02	2.01100000000000e+01	1.05557513160617e+03
20	19	24	25	4.08092900000000e+02	1.01120000000000e+01	3.76991118430775e+02
20	19	22	23	3.71698200000000e+02	7.04990000000000e+00	7.53982236861549e+01
20	19	25	26	4.64354100000000e+02	1.53600000000000e+01	6.59734457253855e+02
20	19	23	24	4.22908600000000e+02	7.78840000000000e+00	1.88495559215388e+02
21	20	28	29	2.07468000000000e+02	3.97550000000000e+01	1.58336269740927e+03
21	20	22	23	2.56731000000000e+02	5.43030000000000e+00	1.88495559215388e+01
21	20	24	25	3.19311500000000e+02	7.90260000000000e+00	1.88495559215388e+02
21	20	26	27	2.62950300000000e+02	1.43760000000000e+01	6.59734457253855e+02
21	20	27	28	2.39309400000000e+02	2.82590000000000e+01	1.05557513160617e+03
21	20	23	24	3.14840400000000e+02	7.04490000000000e+00	7.53982236861549e+01
21	20	25	26	3.89054800000000e+02	1.13520000000000e+01	3.76991118430775e+02
21	20	29	30	1.59881200000000e+02	5.81150000000000e+01	2.26194671058463e+03
22	21	29	30	1.75848300000000e+02	4.27090000000000e+01	1.58336269740927e+03
22	21	23	24	3.00141500000000e+02	8.54080000000000e+00	1.88495559215388e+01
22	21	25	26	3.85058700000000e+02	1.10790000000000e+01	1.88495559215388e+02
22	21	27	28	2.52948800000000e+02	2.20880000000000e+01	6.59734457253855e+02
22	21	28	29	2.24679200000000e+02	3.02960000000000e+01	1.05557513160617e+03
22	21	24	25	2.97242400000000e+02	7.38170000000000e+00	7.53982236861549e+01
22	21	26	27	2.71018900000000e+02	9.36140000000000e+00	3.76991118430775e+02
22	21	30	31	1.29340400000000e+02	5.73070000000000e+01	2.26194671058463e+03
23	22	30	31	1.61978000000000e+02	4.50030000000000e+01	1.58336269740927e+03
23	22	24	25	3.15767800000000e+02	7.26190000000000e+00	1.88495559215388e+01
23	22	26	27	3.12789500000000e+02	9.22320000000000e+00	1.88495559215388e+02
23	22	28	29	2.70510900000000e+02	2.42800000000000e+01	6.59734457253855e+02
23	22	29	30	2.15770100000000e+02	3.64380000000000e+01	1.05557513160617e+03
23	22	25	26	4.25464600000000e+02	8.42910000000000e+00	7.53982236861549e+01
23	22	27	28	2.96891800000000e+02	1.80110000000000e+01	3.76991118430775e+02
23	22	31	32	1.06442700000000e+02	5.79140000000000e+01	2.26194671058463e+03
24	23	31	32	1.18275600000000e+02	3.72000000000000e+01	1.58336269740927e+03
24	23	25	26	4.15858900000000e+02	5.17030000000000e+00	1.88495559215388e+01
24	23	27	28	2.93808000000000e+02	1.57730000000000e+01	1.88495559215388e+02
24	23	29	30	2.28729900000000e+02	2.49160000000000e+01	6.59734457253855e+02
24	23	30	31	1.75415500000000e+02	3.16270000000000e+01	1.05557513160617e+03
24	23	26	27	3.15752700000000e+02	6.67760000000000e+00	7.53982236861549e+01
24	23	28	29	2.77635100000000e+02	1.59700000000000e+01	3.76991118430775e+02
24	23	32	33	7.47800000000000e+01	5.42750000000000e+01	2.26194671058463e+03
25	24	32	33	9.23085000000000e+01	3.98690000000000e+01	1.58336269740927e+03
25	24	26	27	3.70224100000000e+02	5.64640000000000e+00	1.88495559215388e+01
25	24	28	29	3.03214000000000e+02	1.14860000000000e+01	1.88495559215388e+02
25	24	30	31	2.03970100000000e+02	2.26290000000000e+01	6.59734457253855e+02
25	24	31	32	1.42471000000000e+02	3.16840000000000e+01	1.05557513160617e+03
25	24	27	28	3.10210900000000e+02	1.17330000000000e+01	7.53982236861549e+01
25	24	29	30	2.58970300000000e+02	1.85270000000000e+01	3.76991118430775e+02
25	24	33	34	5.99936000000000e+01	6.27880000000000e+01	2.26194671058463e+03
26	25	33	34	9.73831000000000e+01	5.61740000000000e+01	1.58336269740927e+03
26	25	27	28	3.73956300000000e+02	1.49220000000000e+01	1.88495559215388e+01
26	25	29	30	3.68659600000000e+02	1.46830000000000e+01	1.88495559215388e+02
26	25	31	32	2.18022400000000e+02	2.45030000000000e+01	6.59734457253855e+02
26	25	32	33	1.46598300000000e+02	3.44750000000000e+01	1.05557513160617e+03
26	25	28	29	4.07791300000000e+02	1.04430000000000e+01	7.53982236861549e+01
26	25	30	31	3.04763400000000e+02	1.77010000000000e+01	3.76991118430775e+02
26	25	34	35	4.98940000000000e+01	9.88360000000000e+01	2.26194671058463e+03
27	26	34	35	4.64622000000000e+01	9.54950000000000e+01	1.58336269740927e+03
27	26	28	29	2.42933100000000e+02	7.27410000000000e+00	1.88495559215388e+01
27	26	30	31	2.33018200000000e+02	1.10260000000000e+01	1.88495559215388e+02
27	26	32	33	1.27817000000000e+02	2.46730000000000e+01	6.59734457253855e+02
27	26	33	34	8.88731000000000e+01	4.38140000000000e+01	1.05557513160617e+03
27	26	29	30	2.59543300000000e+02	1.22560000000000e+01	7.53982236861549e+01
27	26	31	32	1.80567400000000e+02	1.81970000000000e+01	3.76991118430775e+02
27	26	35	36	3.20586000000000e+01	1.52790000000000e+02	2.26194671058463e+03
28	27	35	36	4.30548000000000e+01	1.15270000000000e+02	1.58336269740927e+03
28	27	29	30	2.59049400000000e+02	7.79850000000000e+00	1.88495559215388e+01
28	27	31	32	2.09644800000000e+02	1.12990000000000e+01	1.88495559215388e+02
28	27	33	34	1.14081300000000e+02	2.92560000000000e+01	6.59734457253855e+02
28	27	34	35	6.17163000000000e+01	7.18480000000000e+01	1.05557513160617e+03
28	27	30	31	2.55600000000000e+02	6.59560000000000e+00	7.53982236861549e+01
28	27	32	33	1.57295800000000e+02	1.51860000000000e+01	3.76991118430775e+02
28	27	36	37	3.03802000000000e+01	1.92850000000000e+02	2.26194671058463e+03
29	28	30	31	3.24627000000000e+02	4.92650000000000e+00	1.88495559215388e+01
29	28	32	33	2.14206400000000e+02	1.06440000000000e+01	1.88495559215388e+02
29	28	31	32	2.73544800000000e+02	8.68880000000000e+00	7.53982236861549e+01
29	28	33	34	1.59799000000000e+02	2.23290000000000e+01	3.76991118430775e+02
29	28	35	36	6.12603000000000e+01	9.84790000000000e+01	1.05557513160617e+03
29	28	37	38	3.34791000000000e+01	2.07880000000000e+02	2.26194671058463e+03
29	28	34	35	8.84374000000000e+01	5.73710000000000e+01	6.59734457253855e+02
29	28	36	37	4.24294000000000e+01	1.56010000000000e+02	1.58336269740927e+03
30	29	31	32	2.41613600000000e+02	7.92230000000000e+00	1.88495559215388e+01
30	29	33	34	1.60635900000000e+02	1.47710000000000e+01	1.88495559215388e+02
30	29	32	33	2.08875700000000e+02	7.95100000000000e+00	7.53982236861549e+01
30	29	34	35	9.16051000000000e+01	4.41780000000000e+01	3.76991118430775e+02
30	29	36	37	4.26621000000000e+01	1.36330000000000e+02	1.05557513160617e+03
30	29	38	39	4.99777000000000e+01	2.15040000000000e+02	2.26194671058463e+03
30	29	35	36	6.34242000000000e+01	7.84740000000000e+01	6.59734457253855e+02
30	29	37	38	3.20916000000000e+01	1.95230000000000e+02	1.58336269740927e+03
31	30	32	33	3.26813600000000e+02	5.13240000000000e+00	1.88495559215388e+01
31	30	34	35	1.15380000000000e+02	2.73500000000000e+01	1.88495559215388e+02
31	30	33	34	2.13874600000000e+02	8.48600000000000e+00	7.53982236861549e+01
31	30	35	36	7.68119000000000e+01	4.92170000000000e+01	3.76991118430775e+02
31	30	37	38	3.24832000000000e+01	1.54840000000000e+02	1.05557513160617e+03
31	30	39	40	3.43386000000000e+01	1.98960000000000e+02	2.26194671058463e+03
31	30	36	37	4.77813000000000e+01	1.00370000000000e+02	6.59734457253855e+02
31	30	38	39	4.68137000000000e+01	1.95900000000000e+02	1.58336269740927e+03
32	31	33	34	3.03647500000000e+02	5.59640000000000e+00	1.88495559215388e+01
32	31	34	35	1.56323100000000e+02	1.71980000000000e+01	7.53982236861549e+01
32	31	35	36	9.60291000000000e+01	2.25950000000000e+01	1.88495559215388e+02
32	31	36	37	5.32123000000000e+01	6.00210000000000e+01	3.76991118430775e+02
32	31	37	38	3.17510000000000e+01	9.98300000000000e+01	6.59734457253855e+02
32	31	38	39	3.98744000000000e+01	1.55850000000000e+02	1.05557513160617e+03
32	31	39	40	2.73668000000000e+01	1.74130000000000e+02	1.58336269740927e+03
32	31	40	41	3.63178000000000e+01	1.87660000000000e+02	2.26194671058463e+03
33	32	34	35	1.70028700000000e+02	1.29290000000000e+01	1.88495559215388e+01
33	32	35	36	1.10865500000000e+02	9.47530000000000e+00	7.53982236861549e+01
33	32	36	37	5.81358000000000e+01	2.62300000000000e+01	1.88495559215388e+02
33	32	37	38	3.25807000000000e+01	6.39750000000000e+01	3.76991118430775e+02
33	32	38	39	3.67380000000000e+01	1.06260000000000e+02	6.59734457253855e+02
33	32	39	40	2.36713000000000e+01	1.36580000000000e+02	1.05557513160617e+03
33	32	40	41	2.95645000000000e+01	1.54210000000000e+02	1.58336269740927e+03
33	32	41	42	3.40898000000000e+01	1.61480000000000e+02	2.26194671058463e+03
34	33	35	36	2.18164800000000e+02	3.28660000000000e+00	1.88495559215388e+01
34	33	36	37	1.01968600000000e+02	8.18060000000000e+00	7.53982236861549e+01
34	33	37	38	5.46863000000000e+01	1.93520000000000e+01	1.88495559215388e+02
34	33	38	39	5.59455000000000e+01	4.88450000000000e+01	3.76991118430775e+02
34	33	39	40	3.41841000000000e+01	6.65270000000000e+01	6.59734457253855e+02
34	33	40	41	3.98353000000000e+01	9.53120000000000e+01	1.05557513160617e+03
34	33	41	42	4.43706000000000e+01	1.02670000000000e+02	1.58336269740927e+03
35	34	36	37	1.32210800000000e+02	2.35150000000000e+00	1.88495559215388e+01
35	34	37	38	7.40192000000000e+01	7.28050000000000e+00	7.53982236861549e+01
35	34	38	39	7.21542000000000e+01	2.03310000000000e+01	1.88495559215388e+02
35	34	39	40	4.49449000000000e+01	3.30550000000000e+01	3.76991118430775e+02
35	34	40	41	5.23763000000000e+01	4.74810000000000e+01	6.59734457253855e+02
35	34	41	42	5.85264000000000e+01	5.70450000000000e+01	1.05557513160617e+03
36	35	37	38	1.30499300000000e+02	3.37120000000000e+00	1.88495559215388e+01
36	35	38	39	1.03476500000000e+02	6.40770000000000e+00	7.53982236861549e+01
36	35	39	40	6.57963000000000e+01	1.31850000000000e+01	1.88495559215388e+02
36	35	40	41	7.86366000000000e+01	2.03580000000000e+01	3.76991118430775e+02
36	35	41	42	9.15250000000000e+01	2.46200000000000e+01	6.59734457253855e+02
37	36	38	39	9.79838000000000e+01	4.25300000000000e+00	1.88495559215388e+01
37	36	39	40	6.11163000000000e+01	6.01190000000000e+00	7.53982236861549e+01
37	36	40	41	7.70117000000000e+01	8.79700000000000e+00	1.88495559215388e+02
37	36	41	42	9.70790000000000e+01	9.04710000000000e+00	3.76991118430775e+02
38	37	39	40	9.48246000000000e+01	7.08070000000000e+00	1.88495559215388e+01
38	37	40	41	7.18982000000000e+01	4.47990000000000e+00	7.53982236861549e+01
38	37	41	42	9.65097000000000e+01	1.17220000000000e+00	1.88495559215388e+02
39	38	40	41	1.16233900000000e+02	4.48180000000000e+00	1.88495559215388e+01
39	38	41	42	1.40987100000000e+02	3.23350000000000e+00	7.53982236861549e+01
40	39	41	42	2.45685100000000e+02	4.71550000000000e+00	1.88495559215388e+01
5	1	6	10	3.48242600000000e+02	1.06610000000000e+01	8.83572933822130e+00
5	1	14	18	9.72286000000000e+01	7.18100000000000e+01	3.90539236749381e+02
5	1	7	11	3.73480400000000e+02	1.47920000000000e+01	2.35619449019234e+01
5	1	11	15	2.73905200000000e+02	3.99100000000000e+01	1.64933614313464e+02
5	1	10	14	3.56068400000000e+02	3.21650000000000e+01	1.14864481396877e+02
5	1	18	22	2.92204000000000e+01	1.24480000000000e+02	9.11258219081891e+02
5	1	26	30	3.21034000000000e+01	1.94770000000000e+02	2.98942175943155e+03
5	1	34	38	1.12423000000000e+01	1.50640000000000e+02	6.95254089193505e+03
5	1	22	26	1.52185000000000e+01	1.85770000000000e+02	1.75241965208055e+03
5	1	30	34	3.10887000000000e+01	1.72400000000000e+02	4.69766276482097e+03
5	1	15	19	7.03755000000000e+01	8.28610000000000e+01	4.94800842940392e+02
5	1	9	13	4.16039900000000e+02	2.46450000000000e+01	7.53982236861550e+01
5	1	8	12	4.03643300000000e+02	1.96920000000000e+01	4.53567439362026e+01
5	1	16	20	5.53397000000000e+01	9.73340000000000e+01	6.15555810562750e+02
5	1	23	27	1.53024000000000e+01	1.92020000000000e+02	2.02161487258504e+03
5	1	31	35	2.20519000000000e+01	1.89720000000000e+02	5.20718982332505e+03
5	1	12	16	2.19172900000000e+02	5.00950000000000e+01	2.26783719681013e+02
5	1	19	23	2.30840000000000e+01	1.59230000000000e+02	1.08856185446886e+03
5	1	27	31	4.01088000000000e+01	1.92720000000000e+02	3.36935812097506e+03
5	1	29	33	3.93666000000000e+01	1.06850000000000e+02	4.22230052642468e+03
5	1	17	21	4.91295000000000e+01	1.10270000000000e+02	7.53982236861552e+02
5	1	13	17	1.37740500000000e+02	5.87450000000000e+01	3.01592894744620e+02
5	1	20	24	1.81966000000000e+01	1.77280000000000e+02	1.28707124026757e+03
5	1	25	29	2.49393000000000e+01	1.99900000000000e+02	2.63893782901542e+03
5	1	28	32	4.31630000000000e+01	1.85950000000000e+02	3.77992501089107e+03
5	1	21	25	1.58758000000000e+01	1.72970000000000e+02	1.50796447372310e+03
5	1	32	36	1.61524000000000e+01	1.97270000000000e+02	5.75205979918205e+03
5	1	24	28	1.81305000000000e+01	2.02700000000000e+02	2.31672823248163e+03
5	1	33	37	1.27999000000000e+01	2.06420000000000e+02	6.33345078963706e+03
6	2	7	11	3.08579000000000e+02	1.09830000000000e+01	8.83572933822130e+00
6	2	15	19	8.37004000000000e+01	7.12440000000000e+01	3.90539236749381e+02
6	2	8	12	3.84601600000000e+02	1.45630000000000e+01	2.35619449019234e+01
6	2	12	16	2.49676500000000e+02	3.98900000000000e+01	1.64933614313464e+02
6	2	11	15	3.03977400000000e+02	3.20980000000000e+01	1.14864481396877e+02
6	2	19	23	2.76184000000000e+01	1.45750000000000e+02	9.11258219081891e+02
6	2	27	31	4.23452000000000e+01	1.93590000000000e+02	2.98942175943155e+03
6	2	35	39	1.38175000000000e+01	1.90070000000000e+02	6.95254089193505e+03
6	2	23	27	1.72890000000000e+01	1.89370000000000e+02	1.75241965208055e+03
6	2	31	35	2.32901000000000e+01	1.86170000000000e+02	4.69766276482097e+03
6	2	16	20	6.59767000000000e+01	8.33550000000000e+01	4.94800842940392e+02
6	2	10	14	3.81567800000000e+02	2.41550000000000e+01	7.53982236861550e+01
6	2	9	13	4.27464600000000e+02	1.81380000000000e+01	4.53567439362026e+01
6	2	17	21	5.91648000000000e+01	9.66750000000000e+01	6.15555810562750e+02
6	2	24	28	1.98555000000000e+01	2.00910000000000e+02	2.02161487258504e+03
6	2	32	36	1.70645000000000e+01	2.05020000000000e+02	5.20718982332505e+03
6	2	13	17	1.60043500000000e+02	4.97930000000000e+01	2.26783719681013e+02
6	2	20	24	2.16080000000000e+01	1.69250000000000e+02	1.08856185446886e+03
6	2	28	32	4.53886000000000e+01	1.93350000000000e+02	3.36935812097506e+03
6	2	34	38	1.18214000000000e+01	1.86570000000000e+02	6.33345078963706e+03
6	2	14	18	1.13908600000000e+02	5.90900000000000e+01	3.01592894744620e+02
6	2	21	25	1.87140000000000e+01	1.71400000000000e+02	1.28707124026757e+03
6	2	18	22	3.53339000000000e+01	1.18820000000000e+02	7.53982236861552e+02
6	2	29	33	4.26035000000000e+01	1.54860000000000e+02	3.77992501089107e+03
6	2	26	30	3.37415000000000e+01	1.86920000000000e+02	2.63893782901542e+03
6	2	33	37	1.35887000000000e+01	1.97870000000000e+02	5.75205979918205e+03
6	2	25	29	2.66725000000000e+01	1.90540000000000e+02	2.31672823248163e+03
6	2	30	34	3.27735000000000e+01	1.73170000000000e+02	4.22230052642468e+03
6	2	22	26	1.76869000000000e+01	1.76380000000000e+02	1.50796447372310e+03
7	3	8	12	3.72699900000000e+02	1.11220000000000e+01	8.83572933822130e+00
7	3	16	20	8.43721000000000e+01	7.40230000000000e+01	3.90539236749381e+02
7	3	9	13	4.57667200000000e+02	1.29140000000000e+01	2.35619449019234e+01
7	3	13	17	1.96106100000000e+02	3.91250000000000e+01	1.64933614313464e+02
7	3	12	16	3.00037500000000e+02	3.15020000000000e+01	1.14864481396877e+02
7	3	20	24	2.77587000000000e+01	1.37680000000000e+02	9.11258219081891e+02
7	3	28	32	5.26019000000000e+01	1.91350000000000e+02	2.98942175943155e+03
7	3	36	40	1.66124000000000e+01	1.90150000000000e+02	6.95254089193505e+03
7	3	24	28	2.37628000000000e+01	1.91640000000000e+02	1.75241965208055e+03
7	3	32	36	1.97884000000000e+01	2.02840000000000e+02	4.69766276482097e+03
7	3	17	21	7.61301000000000e+01	8.09240000000000e+01	4.94800842940392e+02
7	3	10	14	4.29333300000000e+02	1.68020000000000e+01	4.53567439362026e+01
7	3	14	18	1.42256900000000e+02	4.89570000000000e+01	2.26783719681013e+02
7	3	11	15	3.52403700000000e+02	2.29610000000000e+01	7.53982236861550e+01
7	3	29	33	4.74641000000000e+01	1.70190000000000e+02	3.36935812097506e+03
7	3	22	26	2.21582000000000e+01	1.56720000000000e+02	1.28707124026757e+03
7	3	21	25	2.38635000000000e+01	1.51540000000000e+02	1.08856185446886e+03
7	3	25	29	3.12501000000000e+01	1.85590000000000e+02	2.02161487258504e+03
7	3	33	37	1.56377000000000e+01	1.95170000000000e+02	5.20718982332505e+03
7	3	18	22	4.55647000000000e+01	9.93130000000000e+01	6.15555810562750e+02
7	3	26	30	3.92014000000000e+01	1.98780000000000e+02	2.31672823248163e+03
7	3	15	19	1.05542400000000e+02	6.06430000000000e+01	3.01592894744620e+02
7	3	30	34	3.81810000000000e+01	1.83740000000000e+02	3.77992501089107e+03
7	3	19	23	3.56226000000000e+01	1.18690000000000e+02	7.53982236861552e+02
7	3	27	31	4.88072000000000e+01	1.93230000000000e+02	2.63893782901542e+03
7	3	35	39	1.59559000000000e+01	1.98790000000000e+02	6.33345078963706e+03
7	3	34	38	1.40948000000000e+01	2.17050000000000e+02	5.75205979918205e+03
7	3	23	27	2.12472000000000e+01	1.77470000000000e+02	1.50796447372310e+03
7	3	31	35	2.70633000000000e+01	1.86150000000000e+02	4.22230052642468e+03
8	4	9	13	4.07521500000000e+02	1.04540000000000e+01	8.83572933822130e+00
8	4	10	14	4.10943900000000e+02	1.27420000000000e+01	2.35619449019234e+01
8	4	14	18	1.56592900000000e+02	4.00760000000000e+01	1.64933614313464e+02
8	4	11	15	3.51968300000000e+02	1.78860000000000e+01	4.53567439362026e+01
8	4	13	17	2.11614800000000e+02	3.26200000000000e+01	1.14864481396877e+02
8	4	21	25	2.79301000000000e+01	1.38430000000000e+02	9.11258219081891e+02
8	4	29	33	5.19591000000000e+01	1.76700000000000e+02	2.98942175943155e+03
8	4	37	41	2.06393000000000e+01	1.32240000000000e+02	6.95254089193505e+03
8	4	17	21	8.81799000000000e+01	7.19980000000000e+01	3.90539236749381e+02
8	4	25	29	3.44929000000000e+01	1.86070000000000e+02	1.75241965208055e+03
8	4	33	37	1.73950000000000e+01	2.06420000000000e+02	4.69766276482097e+03
8	4	12	16	3.13045900000000e+02	2.44940000000000e+01	7.53982236861550e+01
8	4	18	22	5.29684000000000e+01	8.88970000000000e+01	4.94800842940392e+02
8	4	16	20	9.62504000000000e+01	6.45170000000000e+01	3.01592894744620e+02
8	4	15	19	1.18596500000000e+02	5.24480000000000e+01	2.26783719681013e+02
8	4	27	31	5.31318000000000e+01	1.84490000000000e+02	2.31672823248163e+03
8	4	22	26	2.57521000000000e+01	1.45500000000000e+02	1.08856185446886e+03
8	4	30	34	4.18676000000000e+01	1.71840000000000e+02	3.36935812097506e+03
8	4	19	23	4.16608000000000e+01	1.04770000000000e+02	6.15555810562750e+02
8	4	23	27	2.42484000000000e+01	1.65620000000000e+02	1.28707124026757e+03
8	4	26	30	4.28421000000000e+01	1.85940000000000e+02	2.02161487258504e+03
8	4	34	38	1.53992000000000e+01	2.00610000000000e+02	5.20718982332505e+03
8	4	31	35	2.96274000000000e+01	1.81000000000000e+02	3.77992501089107e+03
8	4	20	24	3.24785000000000e+01	1.22340000000000e+02	7.53982236861552e+02
8	4	35	39	1.75892000000000e+01	1.79060000000000e+02	5.75205979918205e+03
8	4	24	28	2.64663000000000e+01	1.80960000000000e+02	1.50796447372310e+03
8	4	32	36	2.16929000000000e+01	1.84870000000000e+02	4.22230052642468e+03
8	4	28	32	5.71277000000000e+01	1.81880000000000e+02	2.63893782901542e+03
8	4	36	40	1.82707000000000e+01	1.68870000000000e+02	6.33345078963706e+03
9	5	10	14	4.60005700000000e+02	8.84110000000000e+00	8.83572933822130e+00
9	5	11	15	3.96524000000000e+02	1.25590000000000e+01	2.35619449019234e+01
9	5	15	19	1.47699700000000e+02	4.47150000000000e+01	1.64933614313464e+02
9	5	12	16	3.65584400000000e+02	1.77610000000000e+01	4.53567439362026e+01
9	5	14	18	1.91329800000000e+02	3.46970000000000e+01	1.14864481396877e+02
9	5	22	26	3.29921000000000e+01	1.35480000000000e+02	9.11258219081891e+02
9	5	30	34	4.93255000000000e+01	1.75640000000000e+02	2.98942175943155e+03
9	5	38	42	2.75981000000000e+01	1.31940000000000e+02	6.95254089193505e+03
9	5	18	22	6.87388000000000e+01	7.82600000000000e+01	3.90539236749381e+02
9	5	26	30	5.03085000000000e+01	1.86070000000000e+02	1.75241965208055e+03
9	5	34	38	1.82636000000000e+01	1.89090000000000e+02	4.69766276482097e+03
9	5	13	17	2.50721700000000e+02	2.34320000000000e+01	7.53982236861550e+01
9	5	19	23	5.39976000000000e+01	9.11980000000000e+01	4.94800842940392e+02
9	5	17	21	1.13305400000000e+02	6.19280000000000e+01	3.01592894744620e+02
9	5	16	20	1.21340600000000e+02	5.35510000000000e+01	2.26783719681013e+02
9	5	28	32	6.68098000000000e+01	1.77840000000000e+02	2.31672823248163e+03
9	5	23	27	3.03839000000000e+01	1.50810000000000e+02	1.08856185446886e+03
9	5	31	35	3.50784000000000e+01	1.78150000000000e+02	3.36935812097506e+03
9	5	20	24	4.22185000000000e+01	1.04270000000000e+02	6.15555810562750e+02
9	5	24	28	3.23840000000000e+01	1.73010000000000e+02	1.28707124026757e+03
9	5	27	31	6.19605000000000e+01	1.81400000000000e+02	2.02161487258504e+03
9	5	35	39	2.10605000000000e+01	1.98270000000000e+02	5.20718982332505e+03
9	5	32	36	2.55599000000000e+01	1.80000000000000e+02	3.77992501089107e+03
9	5	21	25	3.62213000000000e+01	1.18270000000000e+02	7.53982236861552e+02
9	5	36	40	2.18072000000000e+01	1.54140000000000e+02	5.75205979918205e+03
9	5	25	29	4.09910000000000e+01	1.78330000000000e+02	1.50796447372310e+03
9	5	33	37	2.06669000000000e+01	1.90110000000000e+02	4.22230052642468e+03
9	5	29	33	6.08961000000000e+01	1.71470000000000e+02	2.63893782901542e+03
9	5	37	41	2.43078000000000e+01	1.54320000000000e+02	6.33345078963706e+03
10	6	12	16	4.73995600000000e+02	1.26430000000000e+01	2.35619449019234e+01
10	6	11	15	4.87423000000000e+02	8.63340000000000e+00	8.83572933822130e+00
10	6	13	17	3.24754300000000e+02	1.70640000000000e+01	4.53567439362026e+01
10	6	17	21	1.59236200000000e+02	5.12660000000000e+01	2.26783719681013e+02
10	6	16	20	1.67819900000000e+02	4.49500000000000e+01	1.64933614313464e+02
10	6	15	19	1.99554100000000e+02	3.61070000000000e+01	1.14864481396877e+02
10	6	23	27	4.17648000000000e+01	1.40210000000000e+02	9.11258219081891e+02
10	6	31	35	4.36844000000000e+01	1.80060000000000e+02	2.98942175943155e+03
10	6	35	39	2.62834000000000e+01	1.67880000000000e+02	4.69766276482097e+03
10	6	38	42	3.50265000000000e+01	1.18120000000000e+02	6.33345078963706e+03
10	6	19	23	7.70846000000000e+01	7.67540000000000e+01	3.90539236749381e+02
10	6	27	31	7.70609000000000e+01	1.83310000000000e+02	1.75241965208055e+03
10	6	14	18	2.50457800000000e+02	2.44350000000000e+01	7.53982236861550e+01
10	6	20	24	6.01480000000000e+01	8.67860000000000e+01	4.94800842940392e+02
10	6	21	25	5.16531000000000e+01	1.00770000000000e+02	6.15555810562750e+02
10	6	33	37	2.58029000000000e+01	2.07090000000000e+02	3.77992501089107e+03
10	6	24	28	4.28175000000000e+01	1.57330000000000e+02	1.08856185446886e+03
10	6	32	36	3.22309000000000e+01	1.80600000000000e+02	3.36935812097506e+03
10	6	25	29	5.24623000000000e+01	1.72910000000000e+02	1.28707124026757e+03
10	6	29	33	7.56991000000000e+01	1.75140000000000e+02	2.31672823248163e+03
10	6	37	41	3.13154000000000e+01	1.61250000000000e+02	5.75205979918205e+03
10	6	28	32	8.30500000000000e+01	1.77550000000000e+02	2.02161487258504e+03
10	6	36	40	2.76799000000000e+01	1.64500000000000e+02	5.20718982332505e+03
10	6	18	22	9.69259000000000e+01	6.39860000000000e+01	3.01592894744620e+02
10	6	22	26	4.62938000000000e+01	1.19130000000000e+02	7.53982236861552e+02
10	6	26	30	6.28716000000000e+01	1.76580000000000e+02	1.50796447372310e+03
10	6	30	34	6.16166000000000e+01	1.67180000000000e+02	2.63893782901542e+03
10	6	34	38	2.33371000000000e+01	1.76130000000000e+02	4.22230052642468e+03
11	7	13	17	4.09577300000000e+02	1.21310000000000e+01	2.35619449019234e+01
11	7	12	16	5.97966800000000e+02	1.01170000000000e+01	8.83572933822130e+00
11	7	14	18	3.18930500000000e+02	1.74670000000000e+01	4.53567439362026e+01
11	7	15	19	2.60056000000000e+02	2.63930000000000e+01	7.53982236861550e+01
11	7	17	21	2.19972000000000e+02	4.24240000000000e+01	1.64933614313464e+02
11	7	16	20	2.26156700000000e+02	3.86560000000000e+01	1.14864481396877e+02
11	7	24	28	5.60342000000000e+01	1.48530000000000e+02	9.11258219081891e+02
11	7	32	36	3.84619000000000e+01	1.84830000000000e+02	2.98942175943155e+03
11	7	36	40	3.38669000000000e+01	1.91860000000000e+02	4.69766276482097e+03
11	7	38	42	4.24048000000000e+01	1.37490000000000e+02	5.75205979918205e+03
11	7	20	24	8.56374000000000e+01	7.34870000000000e+01	3.90539236749381e+02
11	7	28	32	9.88137000000000e+01	1.83700000000000e+02	1.75241965208055e+03
11	7	21	25	7.35423000000000e+01	8.70440000000000e+01	4.94800842940392e+02
11	7	18	22	1.35809400000000e+02	5.20990000000000e+01	2.26783719681013e+02
11	7	30	34	7.30974000000000e+01	1.79920000000000e+02	2.31672823248163e+03
11	7	25	29	6.54062000000000e+01	1.65150000000000e+02	1.08856185446886e+03
11	7	33	37	3.12390000000000e+01	2.25500000000000e+02	3.36935812097506e+03
11	7	22	26	6.49658000000000e+01	1.02100000000000e+02	6.15555810562750e+02
11	7	26	30	7.53014000000000e+01	1.72900000000000e+02	1.28707124026757e+03
11	7	34	38	2.79250000000000e+01	1.89960000000000e+02	3.77992501089107e+03
11	7	29	33	9.00993000000000e+01	1.81310000000000e+02	2.02161487258504e+03
11	7	37	41	3.81380000000000e+01	1.84130000000000e+02	5.20718982332505e+03
11	7	19	23	1.08742300000000e+02	6.40810000000000e+01	3.01592894744620e+02
11	7	23	27	5.71051000000000e+01	1.18210000000000e+02	7.53982236861552e+02
11	7	27	31	9.20235000000000e+01	1.79140000000000e+02	1.50796447372310e+03
11	7	31	35	5.23275000000000e+01	1.85390000000000e+02	2.63893782901542e+03
11	7	35	39	3.16115000000000e+01	2.02020000000000e+02	4.22230052642468e+03
12	8	13	17	4.50984500000000e+02	8.58120000000000e+00	8.83572933822130e+00
12	8	15	19	2.94052300000000e+02	2.02620000000000e+01	4.53567439362026e+01
12	8	14	18	3.47491600000000e+02	1.26840000000000e+01	2.35619449019234e+01
12	8	16	20	2.61541400000000e+02	2.76490000000000e+01	7.53982236861550e+01
12	8	25	29	7.44680000000000e+01	1.53550000000000e+02	9.11258219081891e+02
12	8	33	37	3.34337000000000e+01	1.85980000000000e+02	2.98942175943155e+03
12	8	18	22	1.68182800000000e+02	4.37490000000000e+01	1.64933614313464e+02
12	8	17	21	2.66428200000000e+02	3.45700000000000e+01	1.14864481396877e+02
12	8	21	25	9.40106000000000e+01	7.16890000000000e+01	3.90539236749381e+02
12	8	29	33	9.65741000000000e+01	1.77700000000000e+02	1.75241965208055e+03
12	8	37	41	4.07893000000000e+01	1.15280000000000e+02	4.69766276482097e+03
12	8	38	42	4.67189000000000e+01	1.04130000000000e+02	5.20718982332505e+03
12	8	26	30	8.28287000000000e+01	1.79780000000000e+02	1.08856185446886e+03
12	8	19	23	1.36569200000000e+02	5.29720000000000e+01	2.26783719681013e+02
12	8	22	26	8.21815000000000e+01	8.69100000000000e+01	4.94800842940392e+02
12	8	30	34	7.84892000000000e+01	1.71520000000000e+02	2.02161487258504e+03
12	8	23	27	7.10844000000000e+01	1.04670000000000e+02	6.15555810562750e+02
12	8	31	35	5.62895000000000e+01	1.69110000000000e+02	2.31672823248163e+03
12	8	35	39	3.44400000000000e+01	1.50060000000000e+02	3.77992501089107e+03
12	8	34	38	2.97403000000000e+01	1.59090000000000e+02	3.36935812097506e+03
12	8	27	31	9.87338000000000e+01	1.75720000000000e+02	1.28707124026757e+03
12	8	20	24	1.08618700000000e+02	6.32210000000000e+01	3.01592894744620e+02
12	8	24	28	6.70577000000000e+01	1.29410000000000e+02	7.53982236861552e+02
12	8	28	32	1.05626900000000e+02	1.77720000000000e+02	1.50796447372310e+03
12	8	32	36	4.14392000000000e+01	1.67830000000000e+02	2.63893782901542e+03
12	8	36	40	3.60302000000000e+01	1.40470000000000e+02	4.22230052642468e+03
13	9	15	19	3.74210800000000e+02	1.51250000000000e+01	2.35619449019234e+01
13	9	14	18	4.33463200000000e+02	9.31980000000000e+00	8.83572933822130e+00
13	9	16	20	3.40211900000000e+02	2.04230000000000e+01	4.53567439362026e+01
13	9	17	21	3.59536400000000e+02	2.53570000000000e+01	7.53982236861550e+01
13	9	19	23	1.92378600000000e+02	4.44360000000000e+01	1.64933614313464e+02
13	9	18	22	2.32095200000000e+02	3.49140000000000e+01	1.14864481396877e+02
13	9	26	30	9.53723000000000e+01	1.62900000000000e+02	9.11258219081891e+02
13	9	34	38	3.23276000000000e+01	2.34210000000000e+02	2.98942175943155e+03
13	9	38	42	5.11810000000000e+01	1.18150000000000e+02	4.69766276482097e+03
13	9	22	26	1.17482000000000e+02	7.20200000000000e+01	3.90539236749381e+02
13	9	30	34	8.53078000000000e+01	1.75730000000000e+02	1.75241965208055e+03
13	9	27	31	1.10162500000000e+02	1.82130000000000e+02	1.08856185446886e+03
13	9	20	24	1.54947700000000e+02	4.85370000000000e+01	2.26783719681013e+02
13	9	23	27	9.92274000000000e+01	8.70060000000000e+01	4.94800842940392e+02
13	9	31	35	6.10548000000000e+01	1.76370000000000e+02	2.02161487258504e+03
13	9	24	28	8.90586000000000e+01	1.10620000000000e+02	6.15555810562750e+02
13	9	32	36	4.49028000000000e+01	2.10160000000000e+02	2.31672823248163e+03
13	9	36	40	3.93679000000000e+01	1.47320000000000e+02	3.77992501089107e+03
13	9	35	39	3.71573000000000e+01	1.62070000000000e+02	3.36935812097506e+03
13	9	28	32	1.15783600000000e+02	1.79280000000000e+02	1.28707124026757e+03
13	9	21	25	1.34999000000000e+02	6.06770000000000e+01	3.01592894744620e+02
13	9	25	29	9.19481000000000e+01	1.37640000000000e+02	7.53982236861552e+02
13	9	29	33	1.04909100000000e+02	1.87700000000000e+02	1.50796447372310e+03
13	9	33	37	3.60136000000000e+01	2.32740000000000e+02	2.63893782901542e+03
13	9	37	41	4.47691000000000e+01	1.12910000000000e+02	4.22230052642468e+03
14	10	15	19	3.65949400000000e+02	1.13530000000000e+01	8.83572933822130e+00
14	10	27	31	1.08275700000000e+02	1.72900000000000e+02	9.11258219081891e+02
14	10	16	20	3.55007800000000e+02	1.48950000000000e+01	2.35619449019234e+01
14	10	17	21	4.00944500000000e+02	1.85290000000000e+01	4.53567439362026e+01
14	10	23	27	1.22106000000000e+02	7.37920000000000e+01	3.90539236749381e+02
14	10	31	35	5.74145000000000e+01	2.00090000000000e+02	1.75241965208055e+03
14	10	20	24	1.88684100000000e+02	4.00820000000000e+01	1.64933614313464e+02
14	10	19	23	2.28224200000000e+02	3.36780000000000e+01	1.14864481396877e+02
14	10	38	42	4.80371000000000e+01	1.77480000000000e+02	4.22230052642468e+03
14	10	35	39	3.47401000000000e+01	2.14740000000000e+02	2.98942175943155e+03
14	10	24	28	1.05179800000000e+02	9.45580000000000e+01	4.94800842940392e+02
14	10	28	32	1.10510800000000e+02	1.76030000000000e+02	1.08856185446886e+03
14	10	21	25	1.66584000000000e+02	4.65820000000000e+01	2.26783719681013e+02
14	10	18	22	2.65333900000000e+02	2.49690000000000e+01	7.53982236861550e+01
14	10	32	36	4.19505000000000e+01	2.03890000000000e+02	2.02161487258504e+03
14	10	25	29	1.02053000000000e+02	1.21090000000000e+02	6.15555810562750e+02
14	10	33	37	3.37918000000000e+01	1.88560000000000e+02	2.31672823248163e+03
14	10	36	40	3.68507000000000e+01	1.79320000000000e+02	3.36935812097506e+03
14	10	29	33	9.92525000000000e+01	1.83870000000000e+02	1.28707124026757e+03
14	10	37	41	4.16245000000000e+01	1.61100000000000e+02	3.77992501089107e+03
14	10	22	26	1.45147600000000e+02	5.79640000000000e+01	3.01592894744620e+02
14	10	26	30	9.81157000000000e+01	1.57090000000000e+02	7.53982236861552e+02
14	10	30	34	8.01890000000000e+01	1.88000000000000e+02	1.50796447372310e+03
14	10	34	38	3.02950000000000e+01	1.97650000000000e+02	2.63893782901542e+03
15	11	16	20	3.11830600000000e+02	1.20600000000000e+01	8.83572933822130e+00
15	11	28	32	9.98283000000000e+01	1.77710000000000e+02	9.11258219081891e+02
15	11	17	21	3.91175400000000e+02	1.36000000000000e+01	2.35619449019234e+01
15	11	24	28	1.18114700000000e+02	7.65870000000000e+01	3.90539236749381e+02
15	11	32	36	3.63382000000000e+01	2.02180000000000e+02	1.75241965208055e+03
15	11	21	25	1.88568600000000e+02	3.88320000000000e+01	1.64933614313464e+02
15	11	20	24	2.06997300000000e+02	3.10190000000000e+01	1.14864481396877e+02
15	11	38	42	4.13184000000000e+01	1.87080000000000e+02	3.77992501089107e+03
15	11	36	40	3.15862000000000e+01	2.16960000000000e+02	2.98942175943155e+03
15	11	25	29	1.08475200000000e+02	1.05140000000000e+02	4.94800842940392e+02
15	11	29	33	8.76347000000000e+01	1.81820000000000e+02	1.08856185446886e+03
15	11	18	22	2.70489500000000e+02	1.90950000000000e+01	4.53567439362026e+01
15	11	19	23	2.40460000000000e+02	2.47650000000000e+01	7.53982236861550e+01
15	11	33	37	2.90284000000000e+01	2.09510000000000e+02	2.02161487258504e+03
15	11	22	26	1.66348100000000e+02	4.69690000000000e+01	2.26783719681013e+02
15	11	30	34	6.99703000000000e+01	1.87380000000000e+02	1.28707124026757e+03
15	11	37	41	3.55400000000000e+01	2.01170000000000e+02	3.36935812097506e+03
15	11	26	30	9.64576000000000e+01	1.39070000000000e+02	6.15555810562750e+02
15	11	34	38	2.54678000000000e+01	2.31350000000000e+02	2.31672823248163e+03
15	11	23	27	1.39535000000000e+02	5.84510000000000e+01	3.01592894744620e+02
15	11	27	31	1.00754600000000e+02	1.61440000000000e+02	7.53982236861552e+02
15	11	31	35	4.98035000000000e+01	1.98400000000000e+02	1.50796447372310e+03
15	11	35	39	2.97144000000000e+01	1.99970000000000e+02	2.63893782901542e+03
16	12	17	21	4.07495000000000e+02	1.02940000000000e+01	8.83572933822130e+00
16	12	26	30	1.00637500000000e+02	1.17450000000000e+02	4.94800842940392e+02
16	12	18	22	2.82696200000000e+02	1.35380000000000e+01	2.35619449019234e+01
16	12	22	26	1.93071300000000e+02	3.66960000000000e+01	1.64933614313464e+02
16	12	33	37	2.53891000000000e+01	1.83550000000000e+02	1.75241965208055e+03
16	12	25	29	1.21438200000000e+02	8.39540000000000e+01	3.90539236749381e+02
16	12	21	25	2.14819500000000e+02	3.02000000000000e+01	1.14864481396877e+02
16	12	38	42	3.63015000000000e+01	2.09800000000000e+02	3.36935812097506e+03
16	12	37	41	3.09674000000000e+01	1.69670000000000e+02	2.98942175943155e+03
16	12	29	33	8.07092000000000e+01	1.78460000000000e+02	9.11258219081891e+02
16	12	20	24	2.26662100000000e+02	2.16890000000000e+01	7.53982236861550e+01
16	12	19	23	2.54791500000000e+02	1.79440000000000e+01	4.53567439362026e+01
16	12	24	28	1.37294100000000e+02	6.20920000000000e+01	3.01592894744620e+02
16	12	30	34	6.37157000000000e+01	1.91120000000000e+02	1.08856185446886e+03
16	12	23	27	1.63976000000000e+02	4.73220000000000e+01	2.26783719681013e+02
16	12	31	35	4.44464000000000e+01	1.98390000000000e+02	1.28707124026757e+03
16	12	35	39	2.56624000000000e+01	2.52850000000000e+02	2.31672823248163e+03
16	12	34	38	2.21488000000000e+01	2.43780000000000e+02	2.02161487258504e+03
16	12	27	31	9.93138000000000e+01	1.46550000000000e+02	6.15555810562750e+02
16	12	28	32	9.39462000000000e+01	1.69300000000000e+02	7.53982236861552e+02
16	12	32	36	3.22056000000000e+01	1.96640000000000e+02	1.50796447372310e+03
16	12	36	40	2.73737000000000e+01	2.44240000000000e+02	2.63893782901542e+03
17	13	27	31	9.60359000000000e+01	1.25900000000000e+02	4.94800842940392e+02
17	13	19	23	2.62550800000000e+02	1.25970000000000e+01	2.35619449019234e+01
17	13	18	22	3.32506200000000e+02	9.89840000000000e+00	8.83572933822130e+00
17	13	23	27	1.87034700000000e+02	3.47560000000000e+01	1.64933614313464e+02
17	13	34	38	1.74583000000000e+01	2.48610000000000e+02	1.75241965208055e+03
17	13	26	30	1.04242700000000e+02	9.34400000000000e+01	3.90539236749381e+02
17	13	38	42	2.82237000000000e+01	1.55490000000000e+02	2.98942175943155e+03
17	13	30	34	5.39456000000000e+01	1.71330000000000e+02	9.11258219081891e+02
17	13	22	26	2.16645900000000e+02	2.73010000000000e+01	1.14864481396877e+02
17	13	21	25	2.33206700000000e+02	2.13210000000000e+01	7.53982236861550e+01
17	13	20	24	2.38898500000000e+02	1.46380000000000e+01	4.53567439362026e+01
17	13	25	29	1.34763800000000e+02	6.63720000000000e+01	3.01592894744620e+02
17	13	31	35	3.71570000000000e+01	1.93690000000000e+02	1.08856185446886e+03
17	13	24	28	1.56360600000000e+02	4.70850000000000e+01	2.26783719681013e+02
17	13	32	36	2.62537000000000e+01	1.96560000000000e+02	1.28707124026757e+03
17	13	36	40	2.11325000000000e+01	2.49150000000000e+02	2.31672823248163e+03
17	13	35	39	1.97708000000000e+01	2.48110000000000e+02	2.02161487258504e+03
17	13	28	32	8.58146000000000e+01	1.50220000000000e+02	6.15555810562750e+02
17	13	29	33	7.04936000000000e+01	1.63100000000000e+02	7.53982236861552e+02
17	13	33	37	2.03394000000000e+01	1.88370000000000e+02	1.50796447372310e+03
17	13	37	41	2.39188000000000e+01	2.56020000000000e+02	2.63893782901542e+03
18	14	19	23	3.47588700000000e+02	1.03580000000000e+01	8.83572933822130e+00
18	14	27	31	1.36688700000000e+02	1.00140000000000e+02	3.90539236749381e+02
18	14	20	24	3.38867900000000e+02	9.86630000000000e+00	2.35619449019234e+01
18	14	32	36	2.96818000000000e+01	2.00990000000000e+02	1.08856185446886e+03
18	14	23	27	2.98349000000000e+02	2.71040000000000e+01	1.14864481396877e+02
18	14	31	35	4.34360000000000e+01	1.70040000000000e+02	9.11258219081891e+02
18	14	24	28	2.51441300000000e+02	3.55220000000000e+01	1.64933614313464e+02
18	14	28	32	1.14630500000000e+02	1.24800000000000e+02	4.94800842940392e+02
18	14	36	40	2.15646000000000e+01	2.06810000000000e+02	2.02161487258504e+03
18	14	38	42	2.86958000000000e+01	1.75240000000000e+02	2.63893782901542e+03
18	14	35	39	2.03859000000000e+01	2.48990000000000e+02	1.75241965208055e+03
18	14	21	25	3.50412600000000e+02	1.50020000000000e+01	4.53567439362026e+01
18	14	33	37	1.84412000000000e+01	1.72990000000000e+02	1.28707124026757e+03
18	14	30	34	6.50513000000000e+01	1.56150000000000e+02	7.53982236861552e+02
18	14	29	33	8.91571000000000e+01	1.46570000000000e+02	6.15555810562750e+02
18	14	26	30	1.58070900000000e+02	7.22020000000000e+01	3.01592894744620e+02
18	14	25	29	2.14984200000000e+02	4.88180000000000e+01	2.26783719681013e+02
18	14	37	41	3.11484000000000e+01	2.96220000000000e+02	2.31672823248163e+03
18	14	22	26	3.34285600000000e+02	1.90530000000000e+01	7.53982236861550e+01
18	14	34	38	1.84982000000000e+01	2.33910000000000e+02	1.50796447372310e+03
19	15	20	24	3.34370500000000e+02	5.91660000000000e+00	8.83572933822130e+00
19	15	28	32	1.28405400000000e+02	1.04990000000000e+02	3.90539236749381e+02
19	15	21	25	3.66152600000000e+02	1.10290000000000e+01	2.35619449019234e+01
19	15	33	37	2.12803000000000e+01	2.19400000000000e+02	1.08856185446886e+03
19	15	24	28	2.97131400000000e+02	2.76450000000000e+01	1.14864481396877e+02
19	15	32	36	2.99722000000000e+01	1.89540000000000e+02	9.11258219081891e+02
19	15	25	29	2.56636700000000e+02	3.78650000000000e+01	1.64933614313464e+02
19	15	29	33	9.68523000000000e+01	1.27960000000000e+02	4.94800842940392e+02
19	15	37	41	2.31495000000000e+01	2.00680000000000e+02	2.02161487258504e+03
19	15	38	42	2.65428000000000e+01	1.68650000000000e+02	2.31672823248163e+03
19	15	36	40	1.98006000000000e+01	2.02100000000000e+02	1.75241965208055e+03
19	15	22	26	3.67580100000000e+02	1.41170000000000e+01	4.53567439362026e+01
19	15	30	34	6.84929000000000e+01	1.36690000000000e+02	6.15555810562750e+02
19	15	26	30	1.86992200000000e+02	5.85250000000000e+01	2.26783719681013e+02
19	15	27	31	1.57899000000000e+02	8.21330000000000e+01	3.01592894744620e+02
19	15	35	39	1.88948000000000e+01	2.57100000000000e+02	1.50796447372310e+03
19	15	34	38	1.84811000000000e+01	2.90410000000000e+02	1.28707124026757e+03
19	15	23	27	3.41018600000000e+02	1.87680000000000e+01	7.53982236861550e+01
19	15	31	35	4.52269000000000e+01	1.56940000000000e+02	7.53982236861552e+02
20	16	21	25	3.81032000000000e+02	8.43690000000000e+00	8.83572933822130e+00
20	16	29	33	1.11827000000000e+02	1.09740000000000e+02	3.90539236749381e+02
20	16	30	34	7.80202000000000e+01	1.23740000000000e+02	4.94800842940392e+02
20	16	25	29	3.12190200000000e+02	3.08920000000000e+01	1.14864481396877e+02
20	16	33	37	2.23504000000000e+01	1.89860000000000e+02	9.11258219081891e+02
20	16	22	26	3.91740900000000e+02	1.07710000000000e+01	2.35619449019234e+01
20	16	26	30	2.26734200000000e+02	4.53930000000000e+01	1.64933614313464e+02
20	16	34	38	1.72058000000000e+01	2.50960000000000e+02	1.08856185446886e+03
20	16	38	42	2.55613000000000e+01	1.79250000000000e+02	2.02161487258504e+03
20	16	37	41	2.18159000000000e+01	1.91370000000000e+02	1.75241965208055e+03
20	16	23	27	3.89006700000000e+02	1.39150000000000e+01	4.53567439362026e+01
20	16	31	35	4.95196000000000e+01	1.40320000000000e+02	6.15555810562750e+02
20	16	27	31	1.90031100000000e+02	6.63160000000000e+01	2.26783719681013e+02
20	16	28	32	1.51692200000000e+02	8.84080000000000e+01	3.01592894744620e+02
20	16	36	40	1.95266000000000e+01	2.43040000000000e+02	1.50796447372310e+03
20	16	35	39	1.92520000000000e+01	2.75610000000000e+02	1.28707124026757e+03
20	16	24	28	3.50292600000000e+02	1.93320000000000e+01	7.53982236861550e+01
20	16	32	36	3.21490000000000e+01	1.68700000000000e+02	7.53982236861552e+02
21	17	23	27	3.60945400000000e+02	1.08640000000000e+01	2.35619449019234e+01
21	17	31	35	4.92688000000000e+01	1.03480000000000e+02	4.94800842940392e+02
21	17	27	31	2.03627000000000e+02	5.53360000000000e+01	1.64933614313464e+02
21	17	26	30	2.41399200000000e+02	3.91800000000000e+01	1.14864481396877e+02
21	17	34	38	1.65339000000000e+01	2.13500000000000e+02	9.11258219081891e+02
21	17	38	42	2.38189000000000e+01	1.92010000000000e+02	1.75241965208055e+03
21	17	35	39	2.32451000000000e+01	3.35870000000000e+02	1.08856185446886e+03
21	17	22	26	3.18448500000000e+02	8.16520000000000e+00	8.83572933822130e+00
21	17	30	34	8.20913000000000e+01	1.08690000000000e+02	3.90539236749381e+02
21	17	24	28	3.48054000000000e+02	1.52000000000000e+01	4.53567439362026e+01
21	17	32	36	3.26971000000000e+01	1.39850000000000e+02	6.15555810562750e+02
21	17	28	32	1.62293200000000e+02	7.32970000000000e+01	2.26783719681013e+02
21	17	29	33	1.18685900000000e+02	9.12350000000000e+01	3.01592894744620e+02
21	17	37	41	2.02821000000000e+01	1.86510000000000e+02	1.50796447372310e+03
21	17	36	40	1.85634000000000e+01	2.96640000000000e+02	1.28707124026757e+03
21	17	25	29	3.23443300000000e+02	2.38280000000000e+01	7.53982236861550e+01
21	17	33	37	2.22591000000000e+01	2.01920000000000e+02	7.53982236861552e+02
22	18	27	31	2.08226300000000e+02	4.22290000000000e+01	1.14864481396877e+02
22	18	23	27	3.22097700000000e+02	8.54180000000000e+00	8.83572933822130e+00
22	18	31	35	5.13559000000000e+01	1.05090000000000e+02	3.90539236749381e+02
22	18	24	28	3.26497900000000e+02	1.10450000000000e+01	2.35619449019234e+01
22	18	32	36	3.17162000000000e+01	1.27820000000000e+02	4.94800842940392e+02
22	18	36	40	1.41426000000000e+01	3.81820000000000e+02	1.08856185446886e+03
22	18	38	42	1.97136000000000e+01	1.82450000000000e+02	1.50796447372310e+03
22	18	35	39	1.39022000000000e+01	3.05160000000000e+02	9.11258219081891e+02
22	18	28	32	1.66022200000000e+02	5.70920000000000e+01	1.64933614313464e+02
22	18	25	29	3.21851400000000e+02	1.70740000000000e+01	4.53567439362026e+01
22	18	33	37	1.89400000000000e+01	1.76630000000000e+02	6.15555810562750e+02
22	18	29	33	1.20336000000000e+02	7.20790000000000e+01	2.26783719681013e+02
22	18	30	34	8.21418000000000e+01	8.75330000000000e+01	3.01592894744620e+02
22	18	37	41	1.92636000000000e+01	3.18410000000000e+02	1.28707124026757e+03
22	18	26	30	2.42578700000000e+02	2.63000000000000e+01	7.53982236861550e+01
22	18	34	38	1.39449000000000e+01	2.99400000000000e+02	7.53982236861552e+02
23	19	28	32	1.89331100000000e+02	4.57170000000000e+01	1.14864481396877e+02
23	19	24	28	3.31410500000000e+02	9.00300000000000e+00	8.83572933822130e+00
23	19	32	36	3.58913000000000e+01	1.12670000000000e+02	3.90539236749381e+02
23	19	25	29	3.51073000000000e+02	1.27200000000000e+01	2.35619449019234e+01
23	19	33	37	2.22195000000000e+01	1.62240000000000e+02	4.94800842940392e+02
23	19	37	41	1.53901000000000e+01	2.72950000000000e+02	1.08856185446886e+03
23	19	38	42	1.78710000000000e+01	2.14440000000000e+02	1.28707124026757e+03
23	19	36	40	1.31850000000000e+01	3.47640000000000e+02	9.11258219081891e+02
23	19	29	33	1.37940600000000e+02	5.77810000000000e+01	1.64933614313464e+02
23	19	26	30	2.68729600000000e+02	1.93820000000000e+01	4.53567439362026e+01
23	19	34	38	1.38980000000000e+01	2.48860000000000e+02	6.15555810562750e+02
23	19	30	34	9.40177000000000e+01	7.01640000000000e+01	2.26783719681013e+02
23	19	31	35	5.86628000000000e+01	8.75190000000000e+01	3.01592894744620e+02
23	19	27	31	2.33267000000000e+02	2.99650000000000e+01	7.53982236861550e+01
23	19	35	39	1.36508000000000e+01	2.81080000000000e+02	7.53982236861552e+02
24	20	29	33	1.54975200000000e+02	4.40810000000000e+01	1.14864481396877e+02
24	20	25	29	3.72275800000000e+02	7.99830000000000e+00	8.83572933822130e+00
24	20	33	37	2.46965000000000e+01	1.30060000000000e+02	3.90539236749381e+02
24	20	26	30	2.86065600000000e+02	1.32690000000000e+01	2.35619449019234e+01
24	20	34	38	1.53344000000000e+01	1.92670000000000e+02	4.94800842940392e+02
24	20	38	42	1.66496000000000e+01	2.66210000000000e+02	1.08856185446886e+03
24	20	37	41	1.42986000000000e+01	2.29680000000000e+02	9.11258219081891e+02
24	20	30	34	1.06464600000000e+02	5.30590000000000e+01	1.64933614313464e+02
24	20	27	31	2.51380700000000e+02	2.21140000000000e+01	4.53567439362026e+01
24	20	35	39	1.31415000000000e+01	2.47490000000000e+02	6.15555810562750e+02
24	20	31	35	6.67787000000000e+01	6.79580000000000e+01	2.26783719681013e+02
24	20	32	36	4.06698000000000e+01	8.84660000000000e+01	3.01592894744620e+02
24	20	28	32	2.07812600000000e+02	3.22440000000000e+01	7.53982236861550e+01
24	20	36	40	1.27551000000000e+01	2.78530000000000e+02	7.53982236861552e+02
25	21	27	31	2.77701100000000e+02	1.61530000000000e+01	2.35619449019234e+01
25	21	31	35	8.11572000000000e+01	5.23070000000000e+01	1.64933614313464e+02
25	21	28	32	2.37483400000000e+02	2.28120000000000e+01	4.53567439362026e+01
25	21	26	30	3.29360700000000e+02	9.27790000000000e+00	8.83572933822130e+00
25	21	34	38	1.79878000000000e+01	1.66110000000000e+02	3.90539236749381e+02
25	21	38	42	1.74652000000000e+01	2.53160000000000e+02	9.11258219081891e+02
25	21	35	39	1.50860000000000e+01	2.42240000000000e+02	4.94800842940392e+02
25	21	30	34	1.27384700000000e+02	4.06440000000000e+01	1.14864481396877e+02
25	21	32	36	4.95023000000000e+01	6.75500000000000e+01	2.26783719681013e+02
25	21	36	40	1.33582000000000e+01	2.40520000000000e+02	6.15555810562750e+02
25	21	29	33	1.80541000000000e+02	3.17060000000000e+01	7.53982236861550e+01
25	21	33	37	2.99521000000000e+01	1.17810000000000e+02	3.01592894744620e+02
25	21	37	41	1.52666000000000e+01	2.21640000000000e+02	7.53982236861552e+02
26	22	28	32	3.15918500000000e+02	1.61620000000000e+01	2.35619449019234e+01
26	22	32	36	7.15433000000000e+01	5.68420000000000e+01	1.64933614313464e+02
26	22	29	33	2.46808700000000e+02	2.23150000000000e+01	4.53567439362026e+01
26	22	27	31	3.46510800000000e+02	1.44990000000000e+01	8.83572933822130e+00
26	22	35	39	2.02209000000000e+01	1.86820000000000e+02	3.90539236749381e+02
26	22	36	40	1.79435000000000e+01	1.88280000000000e+02	4.94800842940392e+02
26	22	38	42	2.22591000000000e+01	2.61650000000000e+02	7.53982236861552e+02
26	22	31	35	1.15576600000000e+02	4.17480000000000e+01	1.14864481396877e+02
26	22	33	37	4.30322000000000e+01	8.69140000000000e+01	2.26783719681013e+02
26	22	37	41	1.86760000000000e+01	2.20040000000000e+02	6.15555810562750e+02
26	22	30	34	1.77434600000000e+02	3.03910000000000e+01	7.53982236861550e+01
26	22	34	38	2.52358000000000e+01	1.23340000000000e+02	3.01592894744620e+02
27	23	28	32	2.70938800000000e+02	1.24900000000000e+01	8.83572933822130e+00
27	23	33	37	5.04977000000000e+01	7.51480000000000e+01	1.64933614313464e+02
27	23	32	36	8.26726000000000e+01	5.00770000000000e+01	1.14864481396877e+02
27	23	29	33	2.44926400000000e+02	1.64250000000000e+01	2.35619449019234e+01
27	23	34	38	2.96202000000000e+01	1.30340000000000e+02	2.26783719681013e+02
27	23	38	42	2.54926000000000e+01	2.62360000000000e+02	6.15555810562750e+02
27	23	36	40	2.05728000000000e+01	2.15650000000000e+02	3.90539236749381e+02
27	23	37	41	2.27841000000000e+01	2.48930000000000e+02	4.94800842940392e+02
27	23	30	34	1.88588800000000e+02	2.18360000000000e+01	4.53567439362026e+01
27	23	31	35	1.28101600000000e+02	3.09680000000000e+01	7.53982236861550e+01
27	23	35	39	2.34238000000000e+01	1.78700000000000e+02	3.01592894744620e+02
28	24	30	34	2.11421300000000e+02	1.45860000000000e+01	2.35619449019234e+01
28	24	34	38	3.73245000000000e+01	1.20760000000000e+02	1.64933614313464e+02
28	24	31	35	1.51110500000000e+02	2.24100000000000e+01	4.53567439362026e+01
28	24	29	33	2.51199800000000e+02	1.08530000000000e+01	8.83572933822130e+00
28	24	37	41	2.67640000000000e+01	2.26310000000000e+02	3.90539236749381e+02
28	24	38	42	3.15906000000000e+01	2.19390000000000e+02	4.94800842940392e+02
28	24	35	39	2.91394000000000e+01	1.75060000000000e+02	2.26783719681013e+02
28	24	33	37	6.38968000000000e+01	6.80790000000000e+01	1.14864481396877e+02
28	24	32	36	1.00634000000000e+02	3.57160000000000e+01	7.53982236861550e+01
28	24	36	40	2.52481000000000e+01	2.14080000000000e+02	3.01592894744620e+02
29	25	30	34	2.73236100000000e+02	9.30070000000000e+00	8.83572933822130e+00
29	25	34	38	5.10400000000000e+01	1.08520000000000e+02	1.14864481396877e+02
29	25	31	35	1.98742600000000e+02	1.52760000000000e+01	2.35619449019234e+01
29	25	32	36	1.35594000000000e+02	2.53480000000000e+01	4.53567439362026e+01
29	25	37	41	3.41524000000000e+01	2.25650000000000e+02	3.01592894744620e+02
29	25	38	42	4.06747000000000e+01	2.21410000000000e+02	3.90539236749381e+02
29	25	35	39	3.86472000000000e+01	1.62060000000000e+02	1.64933614313464e+02
29	25	36	40	3.26909000000000e+01	2.09420000000000e+02	2.26783719681013e+02
29	25	33	37	8.69568000000000e+01	5.13050000000000e+01	7.53982236861550e+01
30	26	31	35	2.17155700000000e+02	1.04740000000000e+01	8.83572933822130e+00
30	26	35	39	4.48523000000000e+01	1.45960000000000e+02	1.14864481396877e+02
30	26	32	36	1.58435200000000e+02	1.63940000000000e+01	2.35619449019234e+01
30	26	33	37	1.03558500000000e+02	3.78080000000000e+01	4.53567439362026e+01
30	26	34	38	5.98692000000000e+01	8.41370000000000e+01	7.53982236861550e+01
30	26	38	42	4.49464000000000e+01	2.24930000000000e+02	3.01592894744620e+02
30	26	36	40	3.66746000000000e+01	1.97210000000000e+02	1.64933614313464e+02
30	26	37	41	3.78275000000000e+01	2.28850000000000e+02	2.26783719681013e+02
31	27	32	36	2.43291800000000e+02	7.29970000000000e+00	8.83572933822130e+00
31	27	36	40	4.05403000000000e+01	1.73330000000000e+02	1.14864481396877e+02
31	27	33	37	1.38801100000000e+02	2.31850000000000e+01	2.35619449019234e+01
31	27	34	38	7.50337000000000e+01	5.98020000000000e+01	4.53567439362026e+01
31	27	35	39	5.23030000000000e+01	1.10020000000000e+02	7.53982236861550e+01
31	27	37	41	4.01646000000000e+01	2.05590000000000e+02	1.64933614313464e+02
31	27	38	42	4.71415000000000e+01	2.09030000000000e+02	2.26783719681013e+02
32	28	33	37	2.16607900000000e+02	1.13140000000000e+01	8.83572933822130e+00
32	28	37	41	3.94881000000000e+01	1.93070000000000e+02	1.14864481396877e+02
32	28	34	38	1.01349300000000e+02	3.31690000000000e+01	2.35619449019234e+01
32	28	35	39	6.21841000000000e+01	7.03210000000000e+01	4.53567439362026e+01
32	28	36	40	4.20089000000000e+01	1.32840000000000e+02	7.53982236861550e+01
32	28	38	42	4.39301000000000e+01	1.97780000000000e+02	1.64933614313464e+02
33	29	34	38	1.30636300000000e+02	1.76640000000000e+01	8.83572933822130e+00
33	29	38	42	3.84670000000000e+01	1.73810000000000e+02	1.14864481396877e+02
33	29	35	39	7.48681000000000e+01	3.55870000000000e+01	2.35619449019234e+01
33	29	36	40	4.35447000000000e+01	8.49600000000000e+01	4.53567439362026e+01
33	29	37	41	3.47948000000000e+01	1.40910000000000e+02	7.53982236861550e+01
34	30	35	39	1.45356600000000e+02	9.54180000000000e+00	8.83572933822130e+00
34	30	36	40	6.40791000000000e+01	3.36780000000000e+01	2.35619449019234e+01
34	30	37	41	4.19491000000000e+01	7.57840000000000e+01	4.53567439362026e+01
34	30	38	42	4.05718000000000e+01	1.12580000000000e+02	7.53982236861550e+01
35	31	36	40	9.77497000000000e+01	9.92090000000000e+00	8.83572933822130e+00
35	31	37	41	5.65440000000000e+01	3.22480000000000e+01	2.35619449019234e+01
35	31	38	42	4.97473000000000e+01	5.75710000000000e+01	4.53567439362026e+01
36	32	37	41	9.87835000000000e+01	9.99620000000000e+00	8.83572933822130e+00
36	32	38	42	7.27004000000000e+01	2.31840000000000e+01	2.35619449019234e+01
37	33	38	42	8.52250000000000e+01	9.77430000000000e+00	8.83572933822130e+00
0
