42
# x y z
0	0	0
1	0	0
2	0	0
3	0	0
4	0	0
5	0	0
6	0	0
7	0	0
8	0	0
9	0	0
10	0	0
11	0	0
12	0	0
13	0	0
14	0	0
15	0	0
16	0	0
17	0	0
18	0	0
19	0	0
20	0	0
21	0	0
22	0	0
23	0	0
24	0	0
25	0	0
26	0	0
27	0	0
28	0	0
29	0	0
30	0	0
31	0	0
32	0	0
33	0	0
34	0	0
35	0	0
36	0	0
37	0	0
38	0	0
39	0	0
40	0	0
41	0	0
522
# a b m n rhoa ip k
1	2	3	4	3.07411000000000e+02	3.60000000000000e+00	-1.88495559215388e+01
1	2	4	5	3.44894700000000e+02	3.90000000000000e+00	-7.53982236861549e+01
1	2	5	6	3.76531600000000e+02	4.40000000000000e+00	-1.88495559215388e+02
1	2	6	7	4.07063800000000e+02	7.00000000000000e+00	-3.76991118430775e+02
1	2	7	8	3.30070900000000e+02	9.30000000000000e+00	-6.59734457253855e+02
1	2	8	9	3.20980400000000e+02	1.29000000000000e+01	-1.05557513160617e+03
1	2	9	10	3.63202900000000e+02	1.57000000000000e+01	-1.58336269740927e+03
1	2	10	11	3.20966900000000e+02	2.00000000000000e+01	-2.26194671058463e+03
1	2	11	12	2.22157300000000e+02	2.45000000000000e+01	-3.11017672705390e+03
1	2	12	13	2.26066700000000e+02	3.17000000000000e+01	-4.14690230273857e+03
1	2	13	14	1.37485600000000e+02	3.70000000000000e+01	-5.39097299355998e+03
1	2	14	15	7.97258000000000e+01	4.15000000000000e+01	-6.86123835544022e+03
1	2	15	16	6.01055000000000e+01	4.78000000000000e+01	-8.57654794430010e+03
1	2	16	17	2.43625000000000e+01	5.92000000000000e+01	-1.05557513160616e+04
1	2	17	18	4.14019000000000e+01	4.52000000000000e+01	-1.28176980266464e+04
1	2	18	19	3.54303000000000e+01	6.57000000000000e+01	-1.53812376319761e+04
1	2	19	20	2.19657000000000e+01	7.51000000000000e+01	-1.82652196879705e+04
1	2	20	21	2.32348000000000e+01	7.55000000000000e+01	-2.14884937505537e+04
1	2	21	22	2.50558000000000e+01	4.68000000000000e+01	-2.50699093756472e+04
1	2	22	23	6.28270000000000e+00	-1.07200000000000e+02	-2.90283161191691e+04
1	2	23	24	3.75695000000000e+01	5.21000000000000e+01	-3.33825635370461e+04
1	2	24	25	2.45696000000000e+01	1.85000000000000e+01	-3.81515011851947e+04
2	3	4	5	2.80087800000000e+02	3.30000000000000e+00	-1.88495559215388e+01
2	3	5	6	3.58674800000000e+02	3.40000000000000e+00	-7.53982236861549e+01
2	3	6	7	4.22084300000000e+02	5.00000000000000e+00	-1.88495559215388e+02
2	3	7	8	3.65703300000000e+02	6.50000000000000e+00	-3.76991118430775e+02
2	3	8	9	3.69716300000000e+02	9.30000000000000e+00	-6.59734457253855e+02
2	3	9	10	4.32685900000000e+02	1.11000000000000e+01	-1.05557513160617e+03
2	3	10	11	3.92448100000000e+02	1.44000000000000e+01	-1.58336269740927e+03
2	3	11	12	2.78135000000000e+02	1.80000000000000e+01	-2.26194671058463e+03
2	3	12	13	2.79896100000000e+02	2.38000000000000e+01	-3.11017672705390e+03
2	3	13	14	1.71695300000000e+02	2.85000000000000e+01	-4.14690230273857e+03
2	3	14	15	1.05742900000000e+02	3.19000000000000e+01	-5.39097299355998e+03
2	3	15	16	7.37165000000000e+01	3.87000000000000e+01	-6.86123835544022e+03
2	3	16	17	3.75264000000000e+01	4.48000000000000e+01	-8.57654794430010e+03
2	3	17	18	6.16136000000000e+01	5.18000000000000e+01	-1.05557513160616e+04
2	3	18	19	3.44932000000000e+01	5.77000000000000e+01	-1.28176980266464e+04
2	3	19	20	2.78403000000000e+01	6.88000000000000e+01	-1.53812376319761e+04
2	3	20	21	2.23670000000000e+01	6.56000000000000e+01	-1.82652196879705e+04
2	3	21	22	2.01478000000000e+01	7.94000000000000e+01	-2.14884937505537e+04
2	3	22	23	7.71810000000000e+00	5.21000000000000e+01	-2.50699093756472e+04
2	3	23	24	2.41140000000000e+01	9.23000000000000e+01	-2.90283161191691e+04
2	3	24	25	1.06527000000000e+01	-1.05000000000000e+01	-3.33825635370461e+04
3	4	5	6	3.00256400000000e+02	2.50000000000000e+00	-1.88495559215388e+01
3	4	6	7	3.98342300000000e+02	3.80000000000000e+00	-7.53982236861549e+01
3	4	7	8	3.74037600000000e+02	4.70000000000000e+00	-1.88495559215388e+02
3	4	8	9	4.02504100000000e+02	6.80000000000000e+00	-3.76991118430775e+02
3	4	9	10	4.93921600000000e+02	8.00000000000000e+00	-6.59734457253855e+02
3	4	10	11	4.64487200000000e+02	1.06000000000000e+01	-1.05557513160617e+03
3	4	11	12	3.38681900000000e+02	1.35000000000000e+01	-1.58336269740927e+03
3	4	12	13	3.46720000000000e+02	1.86000000000000e+01	-2.26194671058463e+03
3	4	13	14	2.15859800000000e+02	2.27000000000000e+01	-3.11017672705390e+03
3	4	14	15	1.37960100000000e+02	2.58000000000000e+01	-4.14690230273857e+03
3	4	15	16	9.41097000000000e+01	3.18000000000000e+01	-5.39097299355998e+03
3	4	16	17	5.23358000000000e+01	3.73000000000000e+01	-6.86123835544022e+03
3	4	17	18	8.47216000000000e+01	4.36000000000000e+01	-8.57654794430010e+03
3	4	18	19	4.10333000000000e+01	5.08000000000000e+01	-1.05557513160616e+04
3	4	19	20	3.46593000000000e+01	6.28000000000000e+01	-1.28176980266464e+04
3	4	20	21	2.52925000000000e+01	5.69000000000000e+01	-1.53812376319761e+04
3	4	21	22	2.03888000000000e+01	8.19000000000000e+01	-1.82652196879705e+04
3	4	22	23	1.21208000000000e+01	8.20000000000000e+01	-2.14884937505537e+04
3	4	23	24	2.47294000000000e+01	7.55000000000000e+01	-2.50699093756472e+04
3	4	24	25	2.09130000000000e+00	-1.95300000000000e+02	-2.90283161191691e+04
4	5	6	7	3.12160300000000e+02	3.30000000000000e+00	-1.88495559215388e+01
4	5	7	8	3.14008600000000e+02	3.40000000000000e+00	-7.53982236861549e+01
4	5	8	9	3.64094200000000e+02	4.90000000000000e+00	-1.88495559215388e+02
4	5	9	10	4.72825800000000e+02	5.50000000000000e+00	-3.76991118430775e+02
4	5	10	11	4.64225100000000e+02	7.40000000000000e+00	-6.59734457253855e+02
4	5	11	12	3.51027100000000e+02	9.90000000000000e+00	-1.05557513160617e+03
4	5	12	13	3.68004100000000e+02	1.44000000000000e+01	-1.58336269740927e+03
4	5	13	14	2.34777400000000e+02	1.80000000000000e+01	-2.26194671058463e+03
4	5	14	15	1.54521400000000e+02	2.08000000000000e+01	-3.11017672705390e+03
4	5	15	16	1.05514200000000e+02	2.65000000000000e+01	-4.14690230273857e+03
4	5	16	17	6.19992000000000e+01	3.20000000000000e+01	-5.39097299355998e+03
4	5	17	18	9.92202000000000e+01	3.73000000000000e+01	-6.86123835544022e+03
4	5	18	19	4.59798000000000e+01	4.34000000000000e+01	-8.57654794430010e+03
4	5	19	20	3.92473000000000e+01	6.03000000000000e+01	-1.05557513160616e+04
4	5	20	21	2.69235000000000e+01	4.50000000000000e+01	-1.28176980266464e+04
4	5	21	22	2.17169000000000e+01	6.25000000000000e+01	-1.53812376319761e+04
4	5	22	23	1.77165000000000e+01	8.53000000000000e+01	-1.82652196879705e+04
4	5	23	24	2.14090000000000e+01	5.67000000000000e+01	-2.14884937505537e+04
4	5	24	25	5.33000000000000e+00	1.61200000000000e+02	-2.50699093756472e+04
5	6	7	8	2.33109800000000e+02	3.30000000000000e+00	-1.88495559215388e+01
5	6	8	9	3.07352300000000e+02	4.20000000000000e+00	-7.53982236861549e+01
5	6	9	10	4.31108600000000e+02	4.10000000000000e+00	-1.88495559215388e+02
5	6	10	11	4.47341000000000e+02	5.30000000000000e+00	-3.76991118430775e+02
5	6	11	12	3.52292500000000e+02	7.40000000000000e+00	-6.59734457253855e+02
5	6	12	13	3.83976200000000e+02	1.10000000000000e+01	-1.05557513160617e+03
5	6	13	14	2.52043000000000e+02	1.45000000000000e+01	-1.58336269740927e+03
5	6	14	15	1.70679600000000e+02	1.72000000000000e+01	-2.26194671058463e+03
5	6	15	16	1.18441700000000e+02	2.23000000000000e+01	-3.11017672705390e+03
5	6	16	17	7.22344000000000e+01	2.79000000000000e+01	-4.14690230273857e+03
5	6	17	18	1.14329400000000e+02	3.37000000000000e+01	-5.39097299355998e+03
5	6	18	19	5.43467000000000e+01	3.56000000000000e+01	-6.86123835544022e+03
5	6	19	20	4.48067000000000e+01	5.42000000000000e+01	-8.57654794430010e+03
5	6	20	21	3.06361000000000e+01	4.28000000000000e+01	-1.05557513160616e+04
5	6	21	22	2.53105000000000e+01	6.43000000000000e+01	-1.28176980266464e+04
5	6	22	23	2.11607000000000e+01	5.92000000000000e+01	-1.53812376319761e+04
5	6	23	24	2.21939000000000e+01	7.70000000000000e+01	-1.82652196879705e+04
5	6	24	25	1.03041000000000e+01	9.33000000000000e+01	-2.14884937505537e+04
6	7	8	9	3.19786600000000e+02	4.50000000000000e+00	-1.88495559215388e+01
6	7	9	10	4.74977700000000e+02	3.60000000000000e+00	-7.53982236861549e+01
6	7	10	11	5.19930100000000e+02	3.90000000000000e+00	-1.88495559215388e+02
6	7	11	12	4.26802600000000e+02	5.10000000000000e+00	-3.76991118430775e+02
6	7	12	13	4.81361200000000e+02	8.50000000000000e+00	-6.59734457253855e+02
6	7	13	14	3.26275300000000e+02	1.12000000000000e+01	-1.05557513160617e+03
6	7	14	15	2.28344700000000e+02	1.36000000000000e+01	-1.58336269740927e+03
6	7	15	16	1.61778300000000e+02	1.83000000000000e+01	-2.26194671058463e+03
6	7	16	17	1.01735900000000e+02	2.37000000000000e+01	-3.11017672705390e+03
6	7	17	18	1.62878500000000e+02	2.80000000000000e+01	-4.14690230273857e+03
6	7	18	19	7.69385000000000e+01	3.36000000000000e+01	-5.39097299355998e+03
6	7	19	20	6.33134000000000e+01	4.16000000000000e+01	-6.86123835544022e+03
6	7	20	21	4.30073000000000e+01	4.74000000000000e+01	-8.57654794430010e+03
6	7	21	22	3.68509000000000e+01	5.34000000000000e+01	-1.05557513160616e+04
6	7	22	23	2.94193000000000e+01	6.46000000000000e+01	-1.28176980266464e+04
6	7	23	24	3.15084000000000e+01	6.09000000000000e+01	-1.53812376319761e+04
6	7	24	25	1.85685000000000e+01	8.27000000000000e+01	-1.82652196879705e+04
7	8	9	10	3.74448300000000e+02	4.10000000000000e+00	-1.88495559215388e+01
7	8	10	11	4.14684500000000e+02	3.60000000000000e+00	-7.53982236861549e+01
7	8	11	12	3.45300000000000e+02	4.30000000000000e+00	-1.88495559215388e+02
7	8	12	13	4.10098600000000e+02	6.90000000000000e+00	-3.76991118430775e+02
7	8	13	14	2.87292300000000e+02	9.20000000000000e+00	-6.59734457253855e+02
7	8	14	15	2.07770500000000e+02	1.12000000000000e+01	-1.05557513160617e+03
7	8	15	16	1.51990100000000e+02	1.56000000000000e+01	-1.58336269740927e+03
7	8	16	17	9.80342000000000e+01	2.08000000000000e+01	-2.26194671058463e+03
7	8	17	18	1.59475200000000e+02	2.45000000000000e+01	-3.11017672705390e+03
7	8	18	19	7.61133000000000e+01	2.99000000000000e+01	-4.14690230273857e+03
7	8	19	20	6.30739000000000e+01	4.04000000000000e+01	-5.39097299355998e+03
7	8	20	21	4.39203000000000e+01	3.68000000000000e+01	-6.86123835544022e+03
7	8	21	22	3.68889000000000e+01	4.80000000000000e+01	-8.57654794430010e+03
7	8	22	23	3.26688000000000e+01	5.66000000000000e+01	-1.05557513160616e+04
7	8	23	24	2.83328000000000e+01	5.74000000000000e+01	-1.28176980266464e+04
7	8	24	25	2.02031000000000e+01	7.27000000000000e+01	-1.53812376319761e+04
8	9	10	11	5.00757800000000e+02	2.60000000000000e+00	-1.88495559215388e+01
8	9	11	12	4.25682600000000e+02	3.00000000000000e+00	-7.53982236861549e+01
8	9	12	13	5.13043900000000e+02	4.70000000000000e+00	-1.88495559215388e+02
8	9	13	14	3.66795700000000e+02	6.20000000000000e+00	-3.76991118430775e+02
8	9	14	15	2.75105300000000e+02	7.70000000000000e+00	-6.59734457253855e+02
8	9	15	16	2.07844800000000e+02	1.17000000000000e+01	-1.05557513160617e+03
8	9	16	17	1.38595800000000e+02	1.64000000000000e+01	-1.58336269740927e+03
8	9	17	18	2.29476600000000e+02	1.97000000000000e+01	-2.26194671058463e+03
8	9	18	19	1.11970000000000e+02	2.45000000000000e+01	-3.11017672705390e+03
8	9	19	20	9.26749000000000e+01	3.18000000000000e+01	-4.14690230273857e+03
8	9	20	21	6.46655000000000e+01	3.52000000000000e+01	-5.39097299355998e+03
8	9	21	22	5.59286000000000e+01	4.30000000000000e+01	-6.86123835544022e+03
8	9	22	23	4.83481000000000e+01	4.57000000000000e+01	-8.57654794430010e+03
8	9	23	24	4.17910000000000e+01	5.62000000000000e+01	-1.05557513160616e+04
8	9	24	25	3.04069000000000e+01	6.64000000000000e+01	-1.28176980266464e+04
9	10	11	12	5.10482300000000e+02	2.70000000000000e+00	-1.88495559215388e+01
9	10	12	13	6.58733000000000e+02	3.90000000000000e+00	-7.53982236861549e+01
9	10	13	14	4.74120700000000e+02	4.60000000000000e+00	-1.88495559215388e+02
9	10	14	15	3.65700900000000e+02	5.30000000000000e+00	-3.76991118430775e+02
9	10	15	16	2.87599800000000e+02	8.90000000000000e+00	-6.59734457253855e+02
9	10	16	17	1.98709000000000e+02	1.32000000000000e+01	-1.05557513160617e+03
9	10	17	18	3.36671200000000e+02	1.59000000000000e+01	-1.58336269740927e+03
9	10	18	19	1.68503500000000e+02	2.02000000000000e+01	-2.26194671058463e+03
9	10	19	20	1.41555300000000e+02	2.67000000000000e+01	-3.11017672705390e+03
9	10	20	21	9.90642000000000e+01	3.01000000000000e+01	-4.14690230273857e+03
9	10	21	22	8.68268000000000e+01	3.52000000000000e+01	-5.39097299355998e+03
9	10	22	23	7.53405000000000e+01	4.11000000000000e+01	-6.86123835544022e+03
9	10	23	24	6.50483000000000e+01	4.64000000000000e+01	-8.57654794430010e+03
9	10	24	25	4.91742000000000e+01	5.68000000000000e+01	-1.05557513160616e+04
10	11	12	13	7.21346100000000e+02	3.80000000000000e+00	-1.88495559215388e+01
10	11	13	14	5.41991700000000e+02	3.80000000000000e+00	-7.53982236861549e+01
10	11	14	15	4.25215300000000e+02	3.70000000000000e+00	-1.88495559215388e+02
10	11	15	16	3.48771900000000e+02	6.60000000000000e+00	-3.76991118430775e+02
10	11	16	17	2.51151800000000e+02	1.04000000000000e+01	-6.59734457253855e+02
10	11	17	18	4.38111000000000e+02	1.25000000000000e+01	-1.05557513160617e+03
10	11	18	19	2.26062300000000e+02	1.62000000000000e+01	-1.58336269740927e+03
10	11	19	20	1.92662200000000e+02	2.20000000000000e+01	-2.26194671058463e+03
10	11	20	21	1.38093100000000e+02	2.46000000000000e+01	-3.11017672705390e+03
10	11	21	22	1.22995400000000e+02	2.95000000000000e+01	-4.14690230273857e+03
10	11	22	23	1.07965400000000e+02	3.44000000000000e+01	-5.39097299355998e+03
10	11	23	24	8.88315000000000e+01	3.88000000000000e+01	-6.86123835544022e+03
10	11	24	25	7.05010000000000e+01	4.74000000000000e+01	-8.57654794430010e+03
11	12	13	14	5.08359600000000e+02	3.30000000000000e+00	-1.88495559215388e+01
11	12	14	15	3.81973500000000e+02	2.40000000000000e+00	-7.53982236861549e+01
11	12	15	16	3.22285800000000e+02	4.60000000000000e+00	-1.88495559215388e+02
11	12	16	17	2.40448500000000e+02	7.50000000000000e+00	-3.76991118430775e+02
11	12	17	18	4.29233700000000e+02	8.80000000000000e+00	-6.59734457253855e+02
11	12	18	19	2.29279300000000e+02	1.18000000000000e+01	-1.05557513160617e+03
11	12	19	20	1.99947500000000e+02	1.66000000000000e+01	-1.58336269740927e+03
11	12	20	21	1.46142500000000e+02	1.89000000000000e+01	-2.26194671058463e+03
11	12	21	22	1.32380300000000e+02	2.23000000000000e+01	-3.11017672705390e+03
11	12	22	23	1.16335700000000e+02	2.72000000000000e+01	-4.14690230273857e+03
11	12	23	24	9.85889000000000e+01	3.09000000000000e+01	-5.39097299355998e+03
11	12	24	25	7.67151000000000e+01	3.89000000000000e+01	-6.86123835544022e+03
12	13	14	15	4.87562100000000e+02	2.60000000000000e+00	-1.88495559215388e+01
12	13	15	16	4.38482200000000e+02	4.40000000000000e+00	-7.53982236861549e+01
12	13	16	17	3.38645300000000e+02	6.30000000000000e+00	-1.88495559215388e+02
12	13	17	18	6.19884100000000e+02	6.70000000000000e+00	-3.76991118430775e+02
12	13	18	19	3.45466800000000e+02	8.90000000000000e+00	-6.59734457253855e+02
12	13	19	20	3.09651300000000e+02	1.31000000000000e+01	-1.05557513160617e+03
12	13	20	21	2.34390000000000e+02	1.44000000000000e+01	-1.58336269740927e+03
12	13	21	22	2.18266700000000e+02	1.80000000000000e+01	-2.26194671058463e+03
12	13	22	23	1.91828500000000e+02	2.09000000000000e+01	-3.11017672705390e+03
12	13	23	24	1.63766600000000e+02	2.44000000000000e+01	-4.14690230273857e+03
12	13	24	25	1.31920000000000e+02	3.10000000000000e+01	-5.39097299355998e+03
13	14	15	16	3.53415300000000e+02	4.20000000000000e+00	-1.88495559215388e+01
13	14	16	17	2.93071400000000e+02	5.10000000000000e+00	-7.53982236861549e+01
13	14	17	18	5.45367700000000e+02	4.50000000000000e+00	-1.88495559215388e+02
13	14	18	19	3.19695000000000e+02	5.90000000000000e+00	-3.76991118430775e+02
13	14	19	20	2.97587900000000e+02	9.20000000000000e+00	-6.59734457253855e+02
13	14	20	21	2.33836600000000e+02	1.01000000000000e+01	-1.05557513160617e+03
13	14	21	22	2.24879700000000e+02	1.30000000000000e+01	-1.58336269740927e+03
13	14	22	23	2.03275500000000e+02	1.59000000000000e+01	-2.26194671058463e+03
13	14	23	24	1.76051300000000e+02	1.87000000000000e+01	-3.11017672705390e+03
13	14	24	25	1.40846900000000e+02	2.26000000000000e+01	-4.14690230273857e+03
14	15	16	17	2.47633200000000e+02	5.30000000000000e+00	-1.88495559215388e+01
14	15	17	18	4.45078800000000e+02	3.70000000000000e+00	-7.53982236861549e+01
14	15	18	19	2.78574200000000e+02	4.40000000000000e+00	-1.88495559215388e+02
14	15	19	20	2.67449900000000e+02	6.90000000000000e+00	-3.76991118430775e+02
14	15	20	21	2.21841600000000e+02	7.30000000000000e+00	-6.59734457253855e+02
14	15	21	22	4.37317600000000e+02	-8.00000000000000e-01	-1.05557513160617e+03
14	15	22	23	2.07106000000000e+02	1.21000000000000e+01	-1.58336269740927e+03
14	15	23	24	1.83232400000000e+02	1.46000000000000e+01	-2.26194671058463e+03
14	15	24	25	1.49400200000000e+02	1.85000000000000e+01	-3.11017672705390e+03
15	16	17	18	4.59365300000000e+02	3.50000000000000e+00	-1.88495559215388e+01
15	16	18	19	3.01759300000000e+02	3.90000000000000e+00	-7.53982236861549e+01
15	16	19	20	2.73656300000000e+02	5.50000000000000e+00	-1.88495559215388e+02
15	16	20	21	2.36117400000000e+02	5.20000000000000e+00	-3.76991118430775e+02
15	16	21	22	2.45815100000000e+02	-1.57000000000000e+02	-6.59734457253855e+02
15	16	22	23	2.36628900000000e+02	9.10000000000000e+00	-1.05557513160617e+03
15	16	23	24	2.15222500000000e+02	1.11000000000000e+01	-1.58336269740927e+03
15	16	24	25	1.79340400000000e+02	1.45000000000000e+01	-2.26194671058463e+03
16	17	18	19	3.94580400000000e+02	3.40000000000000e+00	-1.88495559215388e+01
16	17	19	20	2.81763800000000e+02	4.20000000000000e+00	-7.53982236861549e+01
16	17	20	21	2.41734700000000e+02	3.30000000000000e+00	-1.88495559215388e+02
16	17	21	22	2.40813700000000e+02	-2.79000000000000e+01	-3.76991118430775e+02
16	17	22	23	2.59944300000000e+02	5.80000000000000e+00	-6.59734457253855e+02
16	17	23	24	2.44922600000000e+02	7.40000000000000e+00	-1.05557513160617e+03
16	17	24	25	2.07335600000000e+02	1.00000000000000e+01	-1.58336269740927e+03
17	18	19	20	3.79701400000000e+02	4.80000000000000e+00	-1.88495559215388e+01
17	18	20	21	3.84142000000000e+02	3.10000000000000e+00	-7.53982236861549e+01
17	18	21	22	4.66156000000000e+02	-3.00000000000000e+00	-1.88495559215388e+02
17	18	22	23	4.90966000000000e+02	5.00000000000000e+00	-3.76991118430775e+02
17	18	23	24	4.91912200000000e+02	6.30000000000000e+00	-6.59734457253855e+02
17	18	24	25	4.34762700000000e+02	8.60000000000000e+00	-1.05557513160617e+03
18	19	20	21	3.11120200000000e+02	2.50000000000000e+00	-1.88495559215388e+01
18	19	21	22	3.52722300000000e+02	-1.00000000000000e-01	-7.53982236861549e+01
18	19	22	23	3.75988200000000e+02	3.10000000000000e+00	-1.88495559215388e+02
18	19	23	24	3.93661400000000e+02	3.90000000000000e+00	-3.76991118430775e+02
18	19	24	25	3.57185200000000e+02	5.40000000000000e+00	-6.59734457253855e+02
19	20	21	22	3.74967300000000e+02	2.20000000000000e+00	-1.88495559215388e+01
19	20	22	23	3.72061400000000e+02	2.70000000000000e+00	-7.53982236861549e+01
19	20	23	24	4.24507400000000e+02	3.30000000000000e+00	-1.88495559215388e+02
19	20	24	25	4.07784200000000e+02	4.30000000000000e+00	-3.76991118430775e+02
20	21	22	23	2.52671400000000e+02	2.20000000000000e+00	-1.88495559215388e+01
20	21	23	24	3.11820300000000e+02	2.60000000000000e+00	-7.53982236861549e+01
20	21	24	25	3.15967300000000e+02	3.00000000000000e+00	-1.88495559215388e+02
21	22	23	24	2.99908000000000e+02	3.60000000000000e+00	-1.88495559215388e+01
21	22	24	25	2.96784600000000e+02	3.20000000000000e+00	-7.53982236861549e+01
22	23	24	25	3.14087300000000e+02	3.10000000000000e+00	-1.88495559215388e+01
1	5	9	13	4.10778400000000e+02	1.05000000000000e+01	-7.53982236861550e+01
1	5	13	17	1.33760400000000e+02	2.61000000000000e+01	-3.01592894744620e+02
1	5	17	21	4.70050000000000e+01	5.03000000000000e+01	-7.53982236861552e+02
5	9	13	17	2.48652700000000e+02	1.03000000000000e+01	-7.53982236861550e+01
5	9	17	21	1.09920700000000e+02	2.78000000000000e+01	-3.01592894744620e+02
9	13	17	21	3.55483700000000e+02	1.08000000000000e+01	-7.53982236861550e+01
18	19	20	21	3.10026000000000e+02	2.40000000000000e+00	-1.88495559215388e+01
18	19	21	22	3.53280100000000e+02	2.90000000000000e+00	-7.53982236861549e+01
18	19	22	23	3.76322500000000e+02	3.30000000000000e+00	-1.88495559215388e+02
18	19	23	24	3.94443700000000e+02	4.30000000000000e+00	-3.76991118430775e+02
18	19	24	25	3.56927200000000e+02	5.50000000000000e+00	-6.59734457253855e+02
18	19	25	26	3.92551600000000e+02	8.50000000000000e+00	-1.05557513160617e+03
18	19	26	27	2.45228800000000e+02	1.13000000000000e+01	-1.58336269740927e+03
18	19	27	28	2.17250400000000e+02	1.96000000000000e+01	-2.26194671058463e+03
18	19	28	29	1.75484100000000e+02	2.92000000000000e+01	-3.11017672705390e+03
18	19	29	30	1.53033100000000e+02	4.11000000000000e+01	-4.14690230273857e+03
18	19	30	31	9.22065000000000e+01	5.08000000000000e+01	-5.39097299355998e+03
18	19	31	32	7.77912000000000e+01	5.66000000000000e+01	-6.86123835544022e+03
18	19	32	33	6.14673000000000e+01	5.84000000000000e+01	-8.57654794430010e+03
18	19	33	34	2.63190900000000e+02	4.07000000000000e+01	-1.05557513160616e+04
18	19	34	35	2.10443900000000e+02	4.83000000000000e+01	-1.28176980266464e+04
18	19	35	36	1.72411000000000e+02	5.27000000000000e+01	-1.53812376319761e+04
18	19	36	37	2.14234500000000e+02	3.37000000000000e+01	-1.82652196879705e+04
18	19	37	38	1.40009900000000e+02	3.88000000000000e+01	-2.14884937505537e+04
18	19	38	39	1.69901000000000e+01	1.42000000000000e+02	-2.50699093756472e+04
18	19	39	40	2.76062000000000e+01	7.88000000000000e+01	-2.90283161191691e+04
18	19	40	41	1.55186000000000e+01	1.30000000000000e+02	-3.33825635370461e+04
18	19	41	42	2.09529000000000e+01	7.63000000000000e+01	-3.81515011851947e+04
19	20	21	22	3.76610200000000e+02	2.60000000000000e+00	-1.88495559215388e+01
19	20	22	23	3.72651700000000e+02	3.00000000000000e+00	-7.53982236861549e+01
19	20	23	24	4.25566000000000e+02	3.60000000000000e+00	-1.88495559215388e+02
19	20	24	25	4.07709500000000e+02	4.40000000000000e+00	-3.76991118430775e+02
19	20	25	26	4.63361400000000e+02	6.60000000000000e+00	-6.59734457253855e+02
19	20	26	27	3.01352500000000e+02	8.80000000000000e+00	-1.05557513160617e+03
19	20	27	28	2.68391400000000e+02	1.54000000000000e+01	-1.58336269740927e+03
19	20	28	29	2.23209900000000e+02	2.34000000000000e+01	-2.26194671058463e+03
19	20	29	30	1.79268900000000e+02	3.35000000000000e+01	-3.11017672705390e+03
19	20	30	31	1.21395200000000e+02	4.13000000000000e+01	-4.14690230273857e+03
19	20	31	32	8.55077000000000e+01	4.88000000000000e+01	-5.39097299355998e+03
19	20	32	33	4.88027000000000e+01	5.74000000000000e+01	-6.86123835544022e+03
19	20	33	34	2.89162000000000e+01	2.17000000000000e+01	-8.57654794430010e+03
19	20	34	35	3.03216000000000e+01	7.84000000000000e+01	-1.05557513160616e+04
19	20	35	36	1.04173500000000e+02	5.70000000000000e+01	-1.28176980266464e+04
19	20	36	37	1.25973800000000e+02	3.36000000000000e+01	-1.53812376319761e+04
19	20	37	38	9.00668000000000e+01	4.60000000000000e+01	-1.82652196879705e+04
19	20	38	39	2.04343000000000e+01	1.39100000000000e+02	-2.14884937505537e+04
19	20	39	40	2.42055000000000e+01	9.47000000000000e+01	-2.50699093756472e+04
19	20	40	41	1.66203000000000e+01	1.02300000000000e+02	-2.90283161191691e+04
19	20	41	42	2.46700000000000e+01	1.08400000000000e+02	-3.33825635370461e+04
20	21	22	23	2.51707100000000e+02	2.50000000000000e+00	-1.88495559215388e+01
20	21	23	24	3.11773000000000e+02	2.90000000000000e+00	-7.53982236861549e+01
20	21	24	25	3.15258400000000e+02	3.10000000000000e+00	-1.88495559215388e+02
20	21	25	26	3.83485500000000e+02	4.80000000000000e+00	-3.76991118430775e+02
20	21	26	27	2.58156700000000e+02	6.10000000000000e+00	-6.59734457253855e+02
20	21	27	28	2.34431300000000e+02	1.15000000000000e+01	-1.05557513160617e+03
20	21	28	29	1.99845300000000e+02	1.80000000000000e+01	-1.58336269740927e+03
20	21	29	30	1.57028300000000e+02	2.61000000000000e+01	-2.26194671058463e+03
20	21	30	31	1.09614500000000e+02	3.18000000000000e+01	-3.11017672705390e+03
20	21	31	32	7.33937000000000e+01	4.01000000000000e+01	-4.14690230273857e+03
20	21	32	33	4.25461000000000e+01	4.67000000000000e+01	-5.39097299355998e+03
20	21	33	34	9.24780000000000e+00	7.88000000000000e+01	-6.86123835544022e+03
20	21	34	35	6.56540000000000e+00	1.30600000000000e+02	-8.57654794430010e+03
20	21	35	36	6.11089000000000e+01	6.09000000000000e+01	-1.05557513160616e+04
20	21	36	37	7.58962000000000e+01	5.48000000000000e+01	-1.28176980266464e+04
20	21	37	38	6.21202000000000e+01	8.52000000000000e+01	-1.53812376319761e+04
20	21	38	39	1.20273000000000e+01	1.37000000000000e+02	-1.82652196879705e+04
20	21	39	40	1.56663000000000e+01	1.07700000000000e+02	-2.14884937505537e+04
20	21	40	41	1.22048000000000e+01	1.26700000000000e+02	-2.50699093756472e+04
20	21	41	42	1.70551000000000e+01	9.53000000000000e+01	-2.90283161191691e+04
21	22	23	24	2.99365400000000e+02	3.80000000000000e+00	-1.88495559215388e+01
21	22	24	25	2.96127800000000e+02	3.20000000000000e+00	-7.53982236861549e+01
21	22	25	26	3.83898100000000e+02	4.30000000000000e+00	-1.88495559215388e+02
21	22	26	27	2.69004100000000e+02	4.90000000000000e+00	-3.76991118430775e+02
21	22	27	28	2.50365600000000e+02	9.30000000000000e+00	-6.59734457253855e+02
21	22	28	29	2.20180500000000e+02	1.44000000000000e+01	-1.05557513160617e+03
21	22	29	30	1.73189900000000e+02	2.09000000000000e+01	-1.58336269740927e+03
21	22	30	31	1.24189400000000e+02	2.55000000000000e+01	-2.26194671058463e+03
21	22	31	32	8.17425000000000e+01	3.27000000000000e+01	-3.11017672705390e+03
21	22	32	33	4.93052000000000e+01	3.84000000000000e+01	-4.14690230273857e+03
21	22	33	34	2.21978000000000e+01	4.88000000000000e+01	-5.39097299355998e+03
21	22	34	35	6.68540000000000e+00	1.08100000000000e+02	-6.86123835544022e+03
21	22	35	36	4.51926000000000e+01	6.57000000000000e+01	-8.57654794430010e+03
21	22	36	37	5.09581000000000e+01	2.63000000000000e+01	-1.05557513160616e+04
21	22	37	38	4.63841000000000e+01	5.12000000000000e+01	-1.28176980266464e+04
21	22	38	39	1.09349000000000e+01	1.49000000000000e+02	-1.53812376319761e+04
21	22	39	40	1.55587000000000e+01	1.00000000000000e+02	-1.82652196879705e+04
21	22	40	41	1.12450000000000e+01	1.27100000000000e+02	-2.14884937505537e+04
21	22	41	42	1.76531000000000e+01	1.11300000000000e+02	-2.50699093756472e+04
22	23	24	25	3.13632100000000e+02	3.20000000000000e+00	-1.88495559215388e+01
22	23	25	26	4.22839400000000e+02	3.60000000000000e+00	-7.53982236861549e+01
22	23	26	27	3.10006100000000e+02	3.70000000000000e+00	-1.88495559215388e+02
22	23	27	28	2.93353700000000e+02	7.10000000000000e+00	-3.76991118430775e+02
22	23	28	29	2.66233500000000e+02	1.11000000000000e+01	-6.59734457253855e+02
22	23	29	30	2.12023700000000e+02	1.59000000000000e+01	-1.05557513160617e+03
22	23	30	31	1.57067000000000e+02	1.96000000000000e+01	-1.58336269740927e+03
22	23	31	32	1.03200200000000e+02	2.57000000000000e+01	-2.26194671058463e+03
22	23	32	33	6.39869000000000e+01	3.08000000000000e+01	-3.11017672705390e+03
22	23	33	34	3.51883000000000e+01	4.02000000000000e+01	-4.14690230273857e+03
22	23	34	35	1.26683000000000e+01	7.46000000000000e+01	-5.39097299355998e+03
22	23	35	36	3.64833000000000e+01	6.90000000000000e+01	-6.86123835544022e+03
22	23	36	37	2.97553000000000e+01	3.12000000000000e+01	-8.57654794430010e+03
22	23	37	38	3.38560000000000e+01	8.06000000000000e+01	-1.05557513160616e+04
22	23	38	39	2.02014000000000e+01	1.08000000000000e+02	-1.28176980266464e+04
22	23	39	40	7.54160000000000e+00	1.57100000000000e+02	-1.53812376319761e+04
22	23	40	41	1.26140000000000e+01	1.29400000000000e+02	-1.82652196879705e+04
22	23	41	42	1.80260000000000e+01	1.07500000000000e+02	-2.14884937505537e+04
23	24	25	26	4.14533900000000e+02	2.30000000000000e+00	-1.88495559215388e+01
23	24	26	27	3.15020000000000e+02	2.60000000000000e+00	-7.53982236861549e+01
23	24	27	28	2.92557400000000e+02	5.10000000000000e+00	-1.88495559215388e+02
23	24	28	29	2.75860700000000e+02	7.90000000000000e+00	-3.76991118430775e+02
23	24	29	30	2.26314900000000e+02	1.14000000000000e+01	-6.59734457253855e+02
23	24	30	31	1.72618000000000e+02	1.43000000000000e+01	-1.05557513160617e+03
23	24	31	32	1.15924600000000e+02	1.95000000000000e+01	-1.58336269740927e+03
23	24	32	33	7.34286000000000e+01	2.36000000000000e+01	-2.26194671058463e+03
23	24	33	34	4.40859000000000e+01	3.31000000000000e+01	-3.11017672705390e+03
23	24	34	35	1.72439000000000e+01	5.71000000000000e+01	-4.14690230273857e+03
23	24	35	36	2.94120000000000e+01	7.07000000000000e+01	-5.39097299355998e+03
23	24	36	37	1.44193000000000e+01	-3.00000000000000e+00	-6.86123835544022e+03
23	24	37	38	2.62513000000000e+01	7.68000000000000e+01	-8.57654794430010e+03
23	24	38	39	1.63972000000000e+01	1.26500000000000e+02	-1.05557513160616e+04
23	24	39	40	1.25826000000000e+01	1.18500000000000e+02	-1.28176980266464e+04
23	24	40	41	1.28233000000000e+01	1.43400000000000e+02	-1.53812376319761e+04
23	24	41	42	1.83956000000000e+01	9.75000000000000e+01	-1.82652196879705e+04
24	25	26	27	3.66540000000000e+02	2.10000000000000e+00	-1.88495559215388e+01
24	25	27	28	3.07929800000000e+02	4.20000000000000e+00	-7.53982236861549e+01
24	25	28	29	3.01174400000000e+02	5.60000000000000e+00	-1.88495559215388e+02
24	25	29	30	2.56155700000000e+02	7.90000000000000e+00	-3.76991118430775e+02
24	25	30	31	2.01270200000000e+02	9.70000000000000e+00	-6.59734457253855e+02
24	25	31	32	1.39940900000000e+02	1.42000000000000e+01	-1.05557513160617e+03
24	25	32	33	9.08603000000000e+01	1.75000000000000e+01	-1.58336269740927e+03
24	25	33	34	5.69129000000000e+01	2.62000000000000e+01	-2.26194671058463e+03
24	25	34	35	2.37904000000000e+01	5.05000000000000e+01	-3.11017672705390e+03
24	25	35	36	3.04992000000000e+01	6.60000000000000e+01	-4.14690230273857e+03
24	25	36	37	8.06710000000000e+00	-4.67000000000000e+01	-5.39097299355998e+03
24	25	37	38	2.67337000000000e+01	7.72000000000000e+01	-6.86123835544022e+03
24	25	38	39	1.71492000000000e+01	1.41400000000000e+02	-8.57654794430010e+03
24	25	39	40	1.53479000000000e+01	1.08000000000000e+02	-1.05557513160616e+04
24	25	40	41	1.55754000000000e+01	1.26800000000000e+02	-1.28176980266464e+04
24	25	41	42	2.02802000000000e+01	1.10600000000000e+02	-1.53812376319761e+04
25	26	27	28	3.72462900000000e+02	5.80000000000000e+00	-1.88495559215388e+01
25	26	28	29	4.08344300000000e+02	5.40000000000000e+00	-7.53982236861549e+01
25	26	29	30	3.66994900000000e+02	6.50000000000000e+00	-1.88495559215388e+02
25	26	30	31	3.03294200000000e+02	7.50000000000000e+00	-3.76991118430775e+02
25	26	31	32	2.16113700000000e+02	1.13000000000000e+01	-6.59734457253855e+02
25	26	32	33	1.45559300000000e+02	1.42000000000000e+01	-1.05557513160617e+03
25	26	33	34	9.47824000000000e+01	2.20000000000000e+01	-1.58336269740927e+03
25	26	34	35	4.49515000000000e+01	4.25000000000000e+01	-2.26194671058463e+03
25	26	35	36	3.89261000000000e+01	6.51000000000000e+01	-3.11017672705390e+03
25	26	36	37	5.22780000000000e+00	2.42600000000000e+02	-4.14690230273857e+03
25	26	37	38	2.93267000000000e+01	9.50000000000000e+01	-5.39097299355998e+03
25	26	38	39	2.83457000000000e+01	1.26500000000000e+02	-6.86123835544022e+03
25	26	39	40	2.23956000000000e+01	1.16000000000000e+02	-8.57654794430010e+03
25	26	40	41	2.53557000000000e+01	1.25500000000000e+02	-1.05557513160616e+04
25	26	41	42	3.58538000000000e+01	1.00600000000000e+02	-1.28176980266464e+04
26	27	28	29	2.41684500000000e+02	4.10000000000000e+00	-1.88495559215388e+01
26	27	29	30	2.57357300000000e+02	4.30000000000000e+00	-7.53982236861549e+01
26	27	30	31	2.31190000000000e+02	4.50000000000000e+00	-1.88495559215388e+02
26	27	31	32	1.78421400000000e+02	7.70000000000000e+00	-3.76991118430775e+02
26	27	32	33	1.26496800000000e+02	9.80000000000000e+00	-6.59734457253855e+02
26	27	33	34	8.67036000000000e+01	1.79000000000000e+01	-1.05557513160617e+03
26	27	34	35	4.27552000000000e+01	3.59000000000000e+01	-1.58336269740927e+03
26	27	35	36	3.34444000000000e+01	6.16000000000000e+01	-2.26194671058463e+03
26	27	36	37	1.34632000000000e+01	1.13100000000000e+02	-3.11017672705390e+03
26	27	37	38	2.25172000000000e+01	1.03100000000000e+02	-4.14690230273857e+03
26	27	38	39	2.53972000000000e+01	1.24100000000000e+02	-5.39097299355998e+03
26	27	39	40	2.16084000000000e+01	1.12600000000000e+02	-6.86123835544022e+03
26	27	40	41	2.57555000000000e+01	1.10900000000000e+02	-8.57654794430010e+03
26	27	41	42	3.29229000000000e+01	1.01700000000000e+02	-1.05557513160616e+04
27	28	29	30	2.57651000000000e+02	3.30000000000000e+00	-1.88495559215388e+01
27	28	30	31	2.55239200000000e+02	2.70000000000000e+00	-7.53982236861549e+01
27	28	31	32	2.08715500000000e+02	5.30000000000000e+00	-1.88495559215388e+02
27	28	32	33	1.56739300000000e+02	6.60000000000000e+00	-3.76991118430775e+02
27	28	33	34	1.12614400000000e+02	1.38000000000000e+01	-6.59734457253855e+02
27	28	34	35	5.82901000000000e+01	3.17000000000000e+01	-1.05557513160617e+03
27	28	35	36	4.20396000000000e+01	5.42000000000000e+01	-1.58336269740927e+03
27	28	36	37	2.43672000000000e+01	9.08000000000000e+01	-2.26194671058463e+03
27	28	37	38	2.49142000000000e+01	1.02800000000000e+02	-3.11017672705390e+03
27	28	38	39	3.58169000000000e+01	1.17300000000000e+02	-4.14690230273857e+03
27	28	39	40	2.68632000000000e+01	1.15500000000000e+02	-5.39097299355998e+03
27	28	40	41	3.65715000000000e+01	1.07200000000000e+02	-6.86123835544022e+03
27	28	41	42	4.52296000000000e+01	9.73000000000000e+01	-8.57654794430010e+03
28	29	30	31	3.23476900000000e+02	1.80000000000000e+00	-1.88495559215388e+01
28	29	31	32	2.72701300000000e+02	3.90000000000000e+00	-7.53982236861549e+01
28	29	32	33	2.13988700000000e+02	4.00000000000000e+00	-1.88495559215388e+02
28	29	33	34	1.58579400000000e+02	9.50000000000000e+00	-3.76991118430775e+02
28	29	34	35	8.46603000000000e+01	2.51000000000000e+01	-6.59734457253855e+02
28	29	35	36	5.92546000000000e+01	4.47000000000000e+01	-1.05557513160617e+03
28	29	36	37	3.64359000000000e+01	7.71000000000000e+01	-1.58336269740927e+03
28	29	37	38	3.17826000000000e+01	9.94000000000000e+01	-2.26194671058463e+03
28	29	38	39	4.72733000000000e+01	1.13200000000000e+02	-3.11017672705390e+03
28	29	39	40	3.59163000000000e+01	1.10100000000000e+02	-4.14690230273857e+03
28	29	40	41	4.97644000000000e+01	1.02500000000000e+02	-5.39097299355998e+03
28	29	41	42	6.07250000000000e+01	9.50000000000000e+01	-6.86123835544022e+03
29	30	31	32	2.40423600000000e+02	3.50000000000000e+00	-1.88495559215388e+01
29	30	32	33	2.09195000000000e+02	2.50000000000000e+00	-7.53982236861549e+01
29	30	33	34	1.60378400000000e+02	6.40000000000000e+00	-1.88495559215388e+02
29	30	34	35	8.84661000000000e+01	1.93000000000000e+01	-3.76991118430775e+02
29	30	35	36	6.13811000000000e+01	3.55000000000000e+01	-6.59734457253855e+02
29	30	36	37	3.85554000000000e+01	6.47000000000000e+01	-1.05557513160617e+03
29	30	37	38	2.97587000000000e+01	9.26000000000000e+01	-1.58336269740927e+03
29	30	38	39	4.44202000000000e+01	1.06800000000000e+02	-2.26194671058463e+03
29	30	39	40	3.36373000000000e+01	1.07700000000000e+02	-3.11017672705390e+03
29	30	40	41	4.71069000000000e+01	1.02000000000000e+02	-4.14690230273857e+03
29	30	41	42	5.75745000000000e+01	9.47000000000000e+01	-5.39097299355998e+03
30	31	32	33	3.28752700000000e+02	1.30000000000000e+00	-1.88495559215388e+01
30	31	33	34	2.14499600000000e+02	3.70000000000000e+00	-7.53982236861549e+01
30	31	34	35	1.12665100000000e+02	1.20000000000000e+01	-1.88495559215388e+02
30	31	35	36	7.54734000000000e+01	2.23000000000000e+01	-3.76991118430775e+02
30	31	36	37	4.49059000000000e+01	4.65000000000000e+01	-6.59734457253855e+02
30	31	37	38	3.04648000000000e+01	7.56000000000000e+01	-1.05557513160617e+03
30	31	38	39	4.21620000000000e+01	9.57000000000000e+01	-1.58336269740927e+03
30	31	39	40	3.07833000000000e+01	1.01400000000000e+02	-2.26194671058463e+03
30	31	40	41	4.26548000000000e+01	9.89000000000000e+01	-3.11017672705390e+03
30	31	41	42	5.19328000000000e+01	9.32000000000000e+01	-4.14690230273857e+03
31	32	33	34	3.04484300000000e+02	2.80000000000000e+00	-1.88495559215388e+01
31	32	34	35	1.53325800000000e+02	7.00000000000000e+00	-7.53982236861549e+01
31	32	35	36	9.55809000000000e+01	1.01000000000000e+01	-1.88495559215388e+02
31	32	36	37	5.13628000000000e+01	2.56000000000000e+01	-3.76991118430775e+02
31	32	37	38	3.02501000000000e+01	5.07000000000000e+01	-6.59734457253855e+02
31	32	38	39	3.67086000000000e+01	7.43000000000000e+01	-1.05557513160617e+03
31	32	39	40	2.48852000000000e+01	8.67000000000000e+01	-1.58336269740927e+03
31	32	40	41	3.27269000000000e+01	9.01000000000000e+01	-2.26194671058463e+03
31	32	41	42	3.91783000000000e+01	9.00000000000000e+01	-3.11017672705390e+03
32	33	34	35	1.64976800000000e+02	5.40000000000000e+00	-1.88495559215388e+01
32	33	35	36	1.10772900000000e+02	3.70000000000000e+00	-7.53982236861549e+01
32	33	36	37	5.70208000000000e+01	1.16000000000000e+01	-1.88495559215388e+02
32	33	37	38	3.16873000000000e+01	2.84000000000000e+01	-3.76991118430775e+02
32	33	38	39	3.46366000000000e+01	4.90000000000000e+01	-6.59734457253855e+02
32	33	39	40	2.20028000000000e+01	6.36000000000000e+01	-1.05557513160617e+03
32	33	40	41	2.71226000000000e+01	7.32000000000000e+01	-1.58336269740927e+03
32	33	41	42	3.13700000000000e+01	7.59000000000000e+01	-2.26194671058463e+03
33	34	35	36	2.20265200000000e+02	1.70000000000000e+00	-1.88495559215388e+01
33	34	36	37	1.02148500000000e+02	3.10000000000000e+00	-7.53982236861549e+01
33	34	37	38	5.44363000000000e+01	1.09000000000000e+01	-1.88495559215388e+02
33	34	38	39	5.46621000000000e+01	2.25000000000000e+01	-3.76991118430775e+02
33	34	39	40	3.29415000000000e+01	3.38000000000000e+01	-6.59734457253855e+02
33	34	40	41	3.79207000000000e+01	4.36000000000000e+01	-1.05557513160617e+03
33	34	41	42	4.20836000000000e+01	4.91000000000000e+01	-1.58336269740927e+03
34	35	36	37	1.31274400000000e+02	7.00000000000000e-01	-1.88495559215388e+01
34	35	37	38	7.37960000000000e+01	3.90000000000000e+00	-7.53982236861549e+01
34	35	38	39	7.10395000000000e+01	8.80000000000000e+00	-1.88495559215388e+02
34	35	39	40	4.39020000000000e+01	1.52000000000000e+01	-3.76991118430775e+02
34	35	40	41	5.07662000000000e+01	2.14000000000000e+01	-6.59734457253855e+02
34	35	41	42	5.66274000000000e+01	2.48000000000000e+01	-1.05557513160617e+03
35	36	37	38	1.30807200000000e+02	2.80000000000000e+00	-1.88495559215388e+01
35	36	38	39	1.03379100000000e+02	3.00000000000000e+00	-7.53982236861549e+01
35	36	39	40	6.52841000000000e+01	6.10000000000000e+00	-1.88495559215388e+02
35	36	40	41	7.78682000000000e+01	9.20000000000000e+00	-3.76991118430775e+02
35	36	41	42	9.07077000000000e+01	1.09000000000000e+01	-6.59734457253855e+02
36	37	38	39	9.54712000000000e+01	1.50000000000000e+01	-1.88495559215388e+01
36	37	39	40	6.88482000000000e+01	-7.06000000000000e+01	-7.53982236861549e+01
36	37	40	41	7.64759000000000e+01	4.00000000000000e+00	-1.88495559215388e+02
36	37	41	42	9.68766000000000e+01	4.50000000000000e+00	-3.76991118430775e+02
37	38	39	40	9.38102000000000e+01	4.30000000000000e+00	-1.88495559215388e+01
37	38	40	41	7.14470000000000e+01	2.00000000000000e+00	-7.53982236861549e+01
37	38	41	42	9.62492000000000e+01	1.30000000000000e+00	-1.88495559215388e+02
38	39	40	41	1.15373200000000e+02	2.70000000000000e+00	-1.88495559215388e+01
38	39	41	42	1.41017200000000e+02	8.00000000000000e-01	-7.53982236861549e+01
39	40	41	42	2.41565600000000e+02	1.70000000000000e+00	-1.88495559215388e+01
18	22	26	30	2.38795200000000e+02	1.19000000000000e+01	-7.53982236861550e+01
18	22	30	34	7.81071000000000e+01	4.03000000000000e+01	-3.01592894744620e+02
18	22	34	38	1.10424000000000e+01	1.19600000000000e+02	-7.53982236861552e+02
18	22	38	42	2.00627000000000e+01	1.10200000000000e+02	-1.50796447372310e+03
22	26	30	34	1.74212200000000e+02	1.28000000000000e+01	-7.53982236861550e+01
22	26	34	38	2.22437000000000e+01	7.10000000000000e+01	-3.01592894744620e+02
22	26	38	42	2.17368000000000e+01	1.13400000000000e+02	-7.53982236861552e+02
26	30	34	38	5.69803000000000e+01	3.74000000000000e+01	-7.53982236861550e+01
26	30	38	42	4.04863000000000e+01	1.05900000000000e+02	-3.01592894744620e+02
30	34	38	42	3.81137000000000e+01	5.32000000000000e+01	-7.53982236861550e+01
0
