5.243579119513527509e+00
1.339900827627784841e+00
5.398734822800705935e-01
2.694436774408597302e-01
1.543322429630453740e-01
9.438273835821540947e-02
5.984028731469682311e-02
3.876264163335796376e-02
2.577435078879441663e-02
1.815027718766804021e-02
1.352912158669794529e-02
1.062007695871503010e-02
8.638867590852862891e-03
7.178667623829460866e-03
6.072352748681564272e-03
5.187712632435226290e-03
4.471424549985503205e-03
3.879681102911480394e-03
3.381207578691536320e-03
2.967606473079587026e-03
2.614848650760337023e-03
2.315347135972257043e-03
2.059143862666035218e-03
1.836878806025899142e-03
1.647454555649630059e-03
1.481862939532230250e-03
1.337654125601384081e-03
1.210527715658993309e-03
1.097908551749071648e-03
9.999656670800494140e-04
9.127918191637053287e-04
8.354895841871101680e-04
7.664790835874568664e-04
7.041294528669639341e-04
6.489688606735044551e-04
5.990617498772277116e-04
5.541441719725814785e-04
5.136196807518644825e-04
4.766390884129445560e-04
4.434455645221935791e-04
4.130800132869927310e-04
3.855001161853777170e-04
3.603511838403683498e-04
3.371143667869613836e-04
3.160843984831851472e-04
2.966262994837931544e-04
2.787906673504814137e-04
2.623694673928866905e-04
5.362613368638565525e+00
1.343611975951315207e+00
5.367037492486668171e-01
2.695576155670487140e-01
1.515192325199032908e-01
9.079545719013548677e-02
5.631610366638262200e-02
3.601938162912032837e-02
2.447048489048397890e-02
1.765540725768444119e-02
1.347531657156553209e-02
1.070425135357511159e-02
8.717887351767483750e-03
7.253182177967554267e-03
6.109800763427042369e-03
5.203670830598472463e-03
4.468696076670108930e-03
3.859322870185422083e-03
3.360747515622986015e-03
2.940582688799486810e-03
2.587601119061089250e-03
2.288420664943058291e-03
2.031019767977149115e-03
1.813291608715572600e-03
1.624210782405044462e-03
1.460535971722798365e-03
1.317030207675262687e-03
1.190533729212517322e-03
1.081030672413052507e-03
9.839820495168849490e-04
8.982660248677555278e-04
8.220247604824870713e-04
7.533795508705697390e-04
6.928446144581211800e-04
6.382382509364514789e-04
5.892304235088352549e-04
5.451317481108274325e-04
5.049912170946302403e-04
4.690464972566532609e-04
4.362374170889249934e-04
4.065020197019375559e-04
3.794419126931236619e-04
3.544875858387808165e-04
3.319448072418019189e-04
3.111233256577472517e-04
2.920700182869050989e-04
2.745555091880347298e-04
5.241038894125944481e+00
1.331188385347740200e+00
5.384082753147532152e-01
2.661811368230914687e-01
1.471912600510760782e-01
8.622285037658826423e-02
5.256135626408076078e-02
3.419893854548528012e-02
2.373450723527081863e-02
1.752140999746231928e-02
1.353249250720600649e-02
1.076260839614584519e-02
8.781314038562859636e-03
7.275628714202175829e-03
6.110610381745430232e-03
5.184835323852277078e-03
4.430819137638430938e-03
3.823556940320327335e-03
3.318663952886269364e-03
2.899527545936697592e-03
2.547949742182975975e-03
2.248287140456550759e-03
1.996946349956729705e-03
1.780291604856487631e-03
1.594013315378783879e-03
1.431679107024574687e-03
1.289381040902370934e-03
1.166834455083920474e-03
1.058739317348122988e-03
9.636885593469203233e-04
8.794874653250683849e-04
8.039636804950678339e-04
7.375990292768364043e-04
6.779299694442131319e-04
6.245447835035999873e-04
5.766451923271965737e-04
5.331651584721264214e-04
4.943303254442144024e-04
4.589691777104331640e-04
4.269953571853779550e-04
3.979613938672743600e-04
3.712428033990078911e-04
3.471542545931960433e-04
3.249468307628400332e-04
3.046619753787616069e-04
2.860471367672756671e-04
5.379210753074149309e+00
1.352397544451059641e+00
5.358628588104084045e-01
2.617082110045276799e-01
1.414229416054235688e-01
8.101700958614688197e-02
4.997211183111626570e-02
3.308472485350488768e-02
2.346444706010131220e-02
1.752258370824444356e-02
1.354646314078289393e-02
1.079915467514691411e-02
8.773711511054438361e-03
7.248280145665475516e-03
6.063838088421479554e-03
5.118357420784258593e-03
4.370370118384037106e-03
3.757919423787780665e-03
3.256318517139811242e-03
2.840497446433554174e-03
2.489814983797966185e-03
2.198489014678228770e-03
1.949469813088966713e-03
1.736996077760566415e-03
1.553098200581803923e-03
1.392904433474839937e-03
1.255745604548219596e-03
1.135402322812839376e-03
1.030104209178928087e-03
9.372478110996062010e-04
8.543128903886199055e-04
7.817233477987461931e-04
7.166943721694240014e-04
6.587135575721880798e-04
6.068555974958478316e-04
5.599254082896409912e-04
5.181279241962544191e-04
4.801704600888578867e-04
4.459365297258544025e-04
4.149241163156624514e-04
3.864499944437604917e-04
3.608344382070582945e-04
3.372675430374228443e-04
3.157831714624137476e-04
2.961040178330320849e-04
5.402731330124512787e+00
1.336527252611809713e+00
5.303181774376519719e-01
2.541701634337503179e-01
1.339488359774647641e-01
7.723863810028097632e-02
4.826762182490984543e-02
3.261334702714502320e-02
2.338854917573951475e-02
1.747733616001401202e-02
1.355183779258162420e-02
1.075579673107585066e-02
8.713398956451401389e-03
7.168568936778863844e-03
5.963196810198524191e-03
5.028733981863541501e-03
4.276793811451073957e-03
3.670349323364963112e-03
3.174313427218633521e-03
2.760997647441421066e-03
2.421374266390330376e-03
2.133838508321606042e-03
1.890627618042484137e-03
1.681760614462790571e-03
1.501104332892078119e-03
1.347442841426960136e-03
1.213429199679483261e-03
1.096824973989996010e-03
9.945243760020039403e-04
9.035897734350761823e-04
8.243525745002533434e-04
7.536581170217160341e-04
6.908689519488087072e-04
6.349103259078447969e-04
5.844412669266940696e-04
5.396347322327854634e-04
4.990657317867075449e-04
4.625804881528972068e-04
4.296161068937376371e-04
3.994265807379937527e-04
3.723334236583331069e-04
3.474636545225950890e-04
3.248408844457872924e-04
3.041614064415720797e-04
5.256965678568069400e+00
1.339324732002369123e+00
5.242428896990314335e-01
2.448867124063318634e-01
1.291753746091299782e-01
7.504137761024143316e-02
4.775583148664730437e-02
3.259165774366068469e-02
2.336640498142550371e-02
1.751806169224989773e-02
1.351537790702850295e-02
1.069278142413199184e-02
8.621268528464121061e-03
7.046796154313694771e-03
5.854369425212336588e-03
4.913929318336118790e-03
4.168822097578850361e-03
3.568749520046377455e-03
3.075671567064675038e-03
2.675613815612654101e-03
2.340651387824910223e-03
2.060170092058277724e-03
1.821461232524135276e-03
1.616683105749472382e-03
1.443831781711812923e-03
1.294128632968627457e-03
1.164714440733072287e-03
1.051846427913449844e-03
9.520697210140260935e-04
8.655750588633104314e-04
7.887686415849469749e-04
7.208539057396157190e-04
6.605755180817407535e-04
6.064227070247120129e-04
5.585215384533714911e-04
5.152988746212616711e-04
4.765538889236475839e-04
4.416541158510089993e-04
4.097849056043378901e-04
3.812636104954525429e-04
3.551508178754048117e-04
3.314564376257211897e-04
3.098480549363902270e-04
5.376569285374233509e+00
1.333614538397017935e+00
5.108450091862231091e-01
2.379438012060708374e-01
1.257919455957856592e-01
7.432158316809411858e-02
4.775611644059996747e-02
3.257503696418240224e-02
2.345814443761762291e-02
1.749781991958410110e-02
1.345985413730166336e-02
1.059599173569925057e-02
8.482945230459114014e-03
6.924342720276533726e-03
5.722739793294295829e-03
4.789696100451323879e-03
4.051360373430346051e-03
3.454184117805514376e-03
2.976598140427944017e-03
2.581735959242936751e-03
2.254871247779566268e-03
1.979530226579040864e-03
1.745521807751337917e-03
1.549711218743476948e-03
1.381463096107537819e-03
1.237086181871016599e-03
1.112015671199784389e-03
1.002142355930990547e-03
9.074536402168265070e-04
8.238210349793551046e-04
7.502439109068891358e-04
6.852447385171656080e-04
6.271099281426328886e-04
5.759006862094960847e-04
5.298728772373251239e-04
4.887663861759540236e-04
4.518673475171208764e-04
4.182835702764564081e-04
3.883227253219101991e-04
3.609727915014904198e-04
3.362260325914800951e-04
3.137178999899070675e-04
5.241052673514599469e+00
1.313779377842255958e+00
5.028038450225271738e-01
2.338868301542236239e-01
1.257558569569829920e-01
7.504717558993712068e-02
4.821129981100824580e-02
3.309137305581244526e-02
2.371525428550946835e-02
1.764634526760766597e-02
1.350535060801894005e-02
1.055060265104268424e-02
8.435044459840890241e-03
6.845362233860231328e-03
5.638737825023332206e-03
4.702686374281506154e-03
3.958999823688968966e-03
3.373883127864907294e-03
2.896997866186579174e-03
2.507354877379408542e-03
2.182947595219197900e-03
1.910152089498184935e-03
1.684145090911859377e-03
1.491701700915948337e-03
1.327948687956159507e-03
1.187184646416983508e-03
1.064407687125012991e-03
9.593106638967620033e-04
8.670545483735470071e-04
7.863610073704507819e-04
7.154575597456136471e-04
6.523648498197863769e-04
5.970549907523547972e-04
5.475642507387079583e-04
5.035538141717199601e-04
4.642053075180618826e-04
4.285280695965898445e-04
3.968158050842163220e-04
3.679654941689536329e-04
3.419464256093629473e-04
3.183537522253865326e-04
5.395428889781857862e+00
1.323591746435164307e+00
5.017386063399014162e-01
2.372903750216424079e-01
1.289128671766370804e-01
7.697674222515238363e-02
4.990533605368585590e-02
3.412875453774266710e-02
2.443572960180029688e-02
1.810341553801975145e-02
1.375053256827385613e-02
1.073487474896861471e-02
8.532155413199626892e-03
6.901645946658208942e-03
5.664111041600694563e-03
4.700018998671451342e-03
3.955011272588238036e-03
3.357318501924222431e-03
2.875944097684213219e-03
2.480296671406256870e-03
2.151465327257628957e-03
1.882007495794035812e-03
1.654847926126801205e-03
1.463345743217381312e-03
1.300127947340468104e-03
1.158889440785015879e-03
1.038891036036715398e-03
9.342698207694954959e-04
8.433483972505317894e-04
7.639336958926157273e-04
6.936662712012098275e-04
6.323955517740231791e-04
5.778444553538042427e-04
5.295645078388644400e-04
4.865901745375045815e-04
4.477900697646419736e-04
4.134427691702136087e-04
3.823137889391036728e-04
3.543421465404539283e-04
3.290661002732231388e-04
5.382051833149529507e+00
1.310162585888505760e+00
5.089187167746063167e-01
2.441975343001820953e-01
1.333042057501019340e-01
8.083072762046072945e-02
5.241162890367556670e-02
3.594992525767315428e-02
2.569693167008169077e-02
1.892668422280308071e-02
1.439765782830471075e-02
1.118732664032706658e-02
8.873035718357069612e-03
7.156416605500148798e-03
5.846355225974986247e-03
4.852890163535406899e-03
4.068949751424132642e-03
3.447024316853175563e-03
2.942715009239150071e-03
2.528676771303417503e-03
2.193274841172376810e-03
1.913468018389097303e-03
1.679873164569634092e-03
1.482554527694968094e-03
1.313219473464521947e-03
1.170476838970757605e-03
1.046913702549723485e-03
9.402549224490908131e-04
8.476779020940572451e-04
7.662503772342676989e-04
6.956477792937622003e-04
6.331185956940932336e-04
5.780549403515133911e-04
5.292717665550394912e-04
4.854234505257126742e-04
4.467749743264914919e-04
4.118883753919666546e-04
3.806613936637170958e-04
3.525464243729347648e-04
5.269878011754196123e+00
1.335201205863593366e+00
5.248377987052514904e-01
2.533975065683042871e-01
1.412743790421009393e-01
8.604016355544441552e-02
5.623995563406491982e-02
3.866179246346068688e-02
2.755420643290284674e-02
2.039448545055222439e-02
1.547600904856594184e-02
1.202591119121665560e-02
9.526233301503150841e-03
7.658055311816513999e-03
6.268046483786204881e-03
5.189352376575695480e-03
4.346476025129386578e-03
3.672206297035018885e-03
3.125384036795963993e-03
2.687475806310457571e-03
2.325953350026943589e-03
2.027062752654740230e-03
1.776832774780467755e-03
1.563860319036769475e-03
1.385734745010247515e-03
1.232638511543648896e-03
1.101374395076959445e-03
9.881510169355012252e-04
8.891519004388669404e-04
8.037946601710532768e-04
7.285938402520342194e-04
6.627019227937737096e-04
6.045978258388818834e-04
5.526034840031557316e-04
5.069726238150497029e-04
4.659481221436223022e-04
4.293687742195628765e-04
3.965545653699664719e-04
5.381068942370928809e+00
1.344672835337372696e+00
5.299384196420655613e-01
2.620013697793006635e-01
1.471176200831916248e-01
9.079382517608980407e-02
5.975005700305224821e-02
4.111374877484763601e-02
2.958036735728009070e-02
2.191533500366560361e-02
1.668730377409666232e-02
1.298766218343971879e-02
1.027908205684224807e-02
8.300563343209610423e-03
6.789627059477609805e-03
5.625957803341075092e-03
4.706931655283908000e-03
3.970177489140413150e-03
3.386444976719471533e-03
2.909189952988944228e-03
2.518153119663191220e-03
2.193460318448581248e-03
1.919208005305206299e-03
1.691467112528432853e-03
1.496998939869320644e-03
1.331283668717708757e-03
1.189154207937526131e-03
1.065547651760923031e-03
9.595145977880915585e-04
8.665407435080041409e-04
7.854435106959822832e-04
7.142323973919340041e-04
6.507648586883685304e-04
5.952811883808695192e-04
5.455784216190640024e-04
5.014150737112088585e-04
4.619271160669069509e-04
5.254940291581457146e+00
1.333516265495559239e+00
5.367267363491042831e-01
2.663011571874869254e-01
1.516764397172920553e-01
9.434651525736571787e-02
6.222226789867213448e-02
4.333386157192209431e-02
3.126695333247364594e-02
2.329623406587666423e-02
1.780051758441092424e-02
1.386502239703424344e-02
1.104511050057765953e-02
8.926953323208253188e-03
7.319364593427524213e-03
6.065920600583196709e-03
5.072489128902346600e-03
4.293537660856938665e-03
3.662612393469432803e-03
3.150102607901827945e-03
2.727857688034962536e-03
2.373765768361901785e-03
2.081690418274217969e-03
1.833799465912111515e-03
1.623760890596015688e-03
1.444558408362328844e-03
1.289480688228428207e-03
1.157067925053656410e-03
1.041464985060525312e-03
9.410432737796958769e-04
8.531999711832162188e-04
7.751930617074243024e-04
7.072370610945454298e-04
6.465590875569526830e-04
5.928118211964705786e-04
5.448954205354294977e-04
5.383903730456834680e+00
1.352501220472698051e+00
5.379465338932726270e-01
2.694672247164175971e-01
1.541283832197772874e-01
9.582955105223756043e-02
6.395671223004949224e-02
4.465232130755713430e-02
3.241711727170625695e-02
2.424829117220639318e-02
1.855117229496561215e-02
1.455913628120875103e-02
1.161632490893715897e-02
9.418968513383974006e-03
7.729480048659365110e-03
6.406779857200172422e-03
5.380947034812844088e-03
4.558110994293484118e-03
3.895599094782320471e-03
3.354082103140365156e-03
2.903247527741736889e-03
2.533841809694292735e-03
2.222196104657458982e-03
1.959607315847877729e-03
1.736705979239916431e-03
1.544732886491706481e-03
1.381544300247394830e-03
1.239658319774461503e-03
1.116884256315009427e-03
1.009874229941642998e-03
9.151704877666254649e-04
8.329369026316425480e-04
7.597319645148425948e-04
6.950755641066953512e-04
6.375892434219432303e-04
5.397900062827404533e+00
1.335073194286422904e+00
5.376519193795430418e-01
2.696940348545902033e-01
1.536278571967812923e-01
9.653619752329765935e-02
6.446208488692128924e-02
4.524632054585686625e-02
3.294977711876834192e-02
2.465879371248247756e-02
1.900878447881471089e-02
1.493840421766967630e-02
1.195811009554992310e-02
9.704242497489135033e-03
7.964711661789580788e-03
6.632421608694483162e-03
5.575479520875004091e-03
4.732847973448639500e-03
4.050110896958170059e-03
3.486191279560291179e-03
3.027439524132869309e-03
2.642902419055848107e-03
2.320811673588107915e-03
2.048861071996088690e-03
1.815813581206859872e-03
1.618619855921821227e-03
1.447893590629134803e-03
1.300751778168907080e-03
1.172971220381568980e-03
1.060275308596925203e-03
9.627374286623191502e-04
8.761705221064786109e-04
7.999318398338450820e-04
7.323289896419283825e-04
5.245023834913841831e+00
1.340160629347487475e+00
5.389150672822080601e-01
2.681349205102172562e-01
1.541051053227717738e-01
9.658516472769118621e-02
6.473211958393942922e-02
4.549025716755772386e-02
3.308256504707229873e-02
2.492639272202734624e-02
1.922006999780578873e-02
1.514371166885686293e-02
1.212365909139912108e-02
9.833281218380784949e-03
8.105618135640479949e-03
6.753044699339683099e-03
5.687348053268315162e-03
4.832754251680837498e-03
4.133406605843936710e-03
3.569223490719419800e-03
3.099812600907636551e-03
2.709292380906891395e-03
2.381566140817859001e-03
2.102305521284542501e-03
1.867227755336209327e-03
1.664663990505910185e-03
1.490853741318853842e-03
1.340522343125982729e-03
1.208439495047675116e-03
1.094528958726193263e-03
9.937627229358871831e-04
9.052943535437507627e-04
8.270732646507016365e-04
5.362023587147717762e+00
1.341137828009939303e+00
5.335919049454176388e-01
2.678029619946600270e-01
1.531227401354331441e-01
9.625702336595631792e-02
6.450040837372617020e-02
4.519265502733960105e-02
3.307381482270943529e-02
2.490193924050010041e-02
1.924034715075517710e-02
1.515035936396458283e-02
1.211385001505260912e-02
9.864952839845009258e-03
8.131911218573817379e-03
6.785361110981491528e-03
5.718608418658344128e-03
4.855070265307848132e-03
4.165181568728248962e-03
3.596098496420618851e-03
3.126345641269568255e-03
2.734867104769999734e-03
2.403425781151824481e-03
2.126056561494004803e-03
1.888326745688284625e-03
1.685355688592737877e-03
1.510595601512454422e-03
1.357697920430500855e-03
1.226357812440293177e-03
1.110595595492980259e-03
1.009309757848964040e-03
9.200398938354892309e-04
5.235975277776685921e+00
1.324995196274344922e+00
5.337530133850947323e-01
2.661085518598000910e-01
1.527285759530809806e-01
9.591565455621808844e-02
6.398591979580037226e-02
4.510709297725413319e-02
3.295602681577292081e-02
2.485168738444687442e-02
1.917528213806973802e-02
1.506817378179481186e-02
1.209252261223325853e-02
9.842197863820678627e-03
8.122379325922524096e-03
6.779312473526255545e-03
5.705851446407339544e-03
4.857959001961842382e-03
4.165509605280837135e-03
3.599084279238828898e-03
3.130831885253093638e-03
2.737322978993761424e-03
2.410226255540770524e-03
2.131589528912125608e-03
1.895042276169878193e-03
1.692420594461396810e-03
1.515997062561558195e-03
1.365127693829348843e-03
1.232699059070974101e-03
1.117279031357665481e-03
1.015915017552216021e-03
5.368740541646448428e+00
1.343186148226561905e+00
5.325251295828956621e-01
2.664202955112835447e-01
1.525444427275366721e-01
9.519318328326688283e-02
6.389108177228441932e-02
4.492263609958357939e-02
3.286322800288865587e-02
2.473278272452983373e-02
1.903099418286480563e-02
1.500719528579308286e-02
1.203128854170843094e-02
9.800651687137174051e-03
8.087557056265515243e-03
6.738414999036490549e-03
5.686688788645422044e-03
4.837610825406234681e-03
4.150242654721414404e-03
3.587214902843860898e-03
3.118037692890873736e-03
2.731017904280985675e-03
2.403616458445112514e-03
2.127450500456595783e-03
1.892262963090085353e-03
1.688587729268609117e-03
1.515290426020388104e-03
1.363875152451399231e-03
1.232477429131295654e-03
1.117541305623082288e-03
5.386871758708958957e+00
1.327344422997657425e+00
5.322962313454464578e-01
2.660573836593194130e-01
1.512794573730968928e-01
9.508224393515196660e-02
6.362177162112758744e-02
4.480448155392791065e-02
3.270420523702965987e-02
2.453400905888725170e-02
1.894616229680479158e-02
1.492054551287691488e-02
1.197057701615711345e-02
9.748428325355718016e-03
8.027809814697195456e-03
6.706497737090867141e-03
5.653665008996888730e-03
4.811320857798673245e-03
4.128478526544188121e-03
3.564834836304320298e-03
3.103864857401328337e-03
2.716920535712485929e-03
2.392860708527954749e-03
2.118665708890077326e-03
1.882630694262310556e-03
1.682920772779428198e-03
1.509316830342499749e-03
1.359383642503097850e-03
1.228811095291715283e-03
5.237443009955621953e+00
1.334328131296808273e+00
5.345103805946584963e-01
2.649470529412067954e-01
1.518644051529531858e-01
9.506465343972168858e-02
6.372738081066131599e-02
4.476212755952491129e-02
3.254711842750700884e-02
2.450546073995685595e-02
1.889110242714697740e-02
1.488541516636776585e-02
1.193546988394511565e-02
9.695795353622417914e-03
8.005408945028213985e-03
6.678574699954475946e-03
5.631162411018908465e-03
4.792031134436935957e-03
4.106771764454175688e-03
3.551734098634629078e-03
3.089873460042524399e-03
2.706165591150000438e-03
2.383839771841866906e-03
2.108222801883941067e-03
1.876470726610457440e-03
1.676152815896725162e-03
1.504064695810880536e-03
1.354928066308325185e-03
5.356932085429840562e+00
1.337021061204966443e+00
5.303511641291005496e-01
2.653279989788650539e-01
1.513187641407198747e-01
9.499721613568203049e-02
6.353093635133033601e-02
4.444480964605945078e-02
3.245476561176041663e-02
2.439307863144546049e-02
1.881950155300016192e-02
1.482117550625816627e-02
1.185325657287750016e-02
9.656887743409114933e-03
7.961878456943960458e-03
6.643811681066314791e-03
5.601621780658039285e-03
4.760596605213773813e-03
4.086621903534370936e-03
3.531139101435210037e-03
3.073690508581305991e-03
2.692440621704927928e-03
2.368803876756087057e-03
2.098508225712891750e-03
1.866306103833315078e-03
1.667969361099808090e-03
1.496988303717694535e-03
5.232764496151644629e+00
1.322225207401113156e+00
5.314034432110590345e-01
2.642583006310372795e-01
1.513976661023743731e-01
9.485033245297325166e-02
6.315913177019893965e-02
4.440037459102508244e-02
3.235960377185964632e-02
2.434484409408699257e-02
1.877102884050918519e-02
1.474114084566902072e-02
1.182589353517826680e-02
9.619376958063696748e-03
7.932655193196636034e-03
6.618591506487914167e-03
5.572214822100795238e-03
4.743598257236469017e-03
4.067892231214620402e-03
3.516824294476639679e-03
3.061527327445356939e-03
2.678113515726998194e-03
2.360256739625699041e-03
2.089024730349664516e-03
1.858797080331653362e-03
1.661459077193172540e-03
5.366699940825002457e+00
1.341194662109199243e+00
5.307647197585145804e-01
2.651155043750970108e-01
1.514558620078956253e-01
9.438456676393491840e-02
6.317884801708339992e-02
4.430787250412705075e-02
3.232602784153072034e-02
2.430139691478161446e-02
1.867846421706786941e-02
1.471778386475941502e-02
1.178676222555363924e-02
9.589785387758230015e-03
7.906815531227628924e-03
6.586687319062756174e-03
5.555136451413256182e-03
4.723857784200258259e-03
4.053177806164875996e-03
3.504343216652605619e-03
3.046199359359346836e-03
2.669453540998567576e-03
2.350315018651460974e-03
2.081260199810475164e-03
1.852070702865082691e-03
5.385409600552943488e+00
1.325757655438924765e+00
5.310439676161626821e-01
2.649519259812503358e-01
1.505939571542067590e-01
9.445320951896318817e-02
6.306058281881221639e-02
4.428873101861308115e-02
3.228702670333971625e-02
2.418841648697922508e-02
1.866097820420331566e-02
1.467677648949661240e-02
1.175742578415728268e-02
9.563837899014826505e-03
7.872286846185128084e-03
6.570200105126544621e-03
5.534728874275862687e-03
4.709249943381066394e-03
4.040860166060977754e-03
3.488277635016912015e-03
3.037884172961136109e-03
2.659393715030100146e-03
2.342653192565657960e-03
2.074655242080059026e-03
5.236081142472492012e+00
1.332928728898796322e+00
5.331488031291845564e-01
2.645127620853418016e-01
1.514386096527253756e-01
9.465607518638163853e-02
6.329855988564501990e-02
4.440679666760094513e-02
3.224109237576056053e-02
2.424915338198507797e-02
1.866672191886120658e-02
1.468436070637801905e-02
1.175864450331975952e-02
9.546541433217203831e-03
7.872788051562995548e-03
6.561671487946618697e-03
5.530491227242916551e-03
4.705419474736793894e-03
4.030613024249007914e-03
3.485992035057172700e-03
3.032341784131365337e-03
2.655785970867241119e-03
2.339526477188491604e-03
5.355081174223190743e+00
1.334161436133334711e+00
5.302255472262928926e-01
2.652086225948293574e-01
1.511725551249427646e-01
9.472653892443583246e-02
6.328801206930712020e-02
4.420802290277547897e-02
3.224726630641328029e-02
2.420106916704467884e-02
1.863913902700264566e-02
1.465830568125703511e-02
1.171565156407661235e-02
9.532154853725938182e-03
7.850498736044042580e-03
6.547704253187403012e-03
5.518950946695410330e-03
4.687472933720070699e-03
4.023596393990302132e-03
3.475899332032073019e-03
3.025274927269561154e-03
2.649815529068177966e-03
5.224380494734170099e+00
1.322379272651351911e+00
5.314857558864933829e-01
2.644341981787161622e-01
1.513332805419214111e-01
9.476308554895050695e-02
6.301134767812045789e-02
4.425291057790525784e-02
3.220441871033985493e-02
2.418568250206942771e-02
1.862107818082137101e-02
1.461469601778975225e-02
1.170810223866980415e-02
9.512555359660779253e-03
7.840517967292459645e-03
6.539625367443234992e-03
5.502027793400920963e-03
4.683428070689776845e-03
4.015213668108418531e-03
3.470738847172527564e-03
3.021026798376347244e-03
5.366808199950582114e+00
1.338722657055214205e+00
5.309150582691856135e-01
2.652482995383209641e-01
1.515984412759814326e-01
9.437229157967275128e-02
6.312615704465041055e-02
4.421055497274073431e-02
3.219942253748198785e-02
2.417035792132904426e-02
1.856796042434938343e-02
1.460941967663353762e-02
1.168581637876475905e-02
9.502674523170551169e-03
7.832549286612812758e-03
6.520206129088657043e-03
5.498619660741167238e-03
4.674494852584420990e-03
4.010142956963003158e-03
3.466660456819536940e-03
5.374208105728651930e+00
1.324841544319298903e+00
5.313287235065651259e-01
2.655029839869151309e-01
1.508286542155192755e-01
9.458665204005756166e-02
6.308533465931542850e-02
4.423717956835182541e-02
3.220315107181748182e-02
2.411598601742115378e-02
1.857712767660024689e-02
1.459238713743116200e-02
1.168367047563378947e-02
9.501031141490368093e-03
7.814797625443792306e-03
6.521796767099741210e-03
5.492401335667196349e-03
4.672407432851355402e-03
4.008682515539652158e-03
5.238112288422389184e+00
1.333319314480780449e+00
5.340266607793204834e-01
2.647482921300330361e-01
1.516124534478162644e-01
9.471376999257064000e-02
6.326175885443174884e-02
4.432646390772898570e-02
3.217998897311091788e-02
2.416856294575597808e-02
1.858222828730626830e-02
1.461167502921134620e-02
1.169831817444810795e-02
9.490989631260049464e-03
7.827244774836761287e-03
6.522321657521090721e-03
5.496671029399657904e-03
4.676259607080179848e-03
5.354819991763415388e+00
1.336583835812315879e+00
5.305365218930719884e-01
2.654601445020770001e-01
1.512905973471565524e-01
9.472101207463978767e-02
6.321590793677334119e-02
4.416724431298214154e-02
3.217206919729154180e-02
2.411576900272915935e-02
1.856692962851180795e-02
1.460034635321960650e-02
1.166157863329520157e-02
9.489374478584888806e-03
7.814088806900487683e-03
6.516896647434378999e-03
5.492834162251547525e-03
5.232355567355018167e+00
1.322666545328791354e+00
5.319342889612270753e-01
2.646978983744951441e-01
1.514275433520118064e-01
9.473374268927535480e-02
6.302755998278385119e-02
4.420110771993535081e-02
3.212755071686168584e-02
2.412084054869256811e-02
1.857139903093552036e-02
1.456611024374776520e-02
1.167167043587835629e-02
9.481986126668173753e-03
7.815056690014920981e-03
6.518464988170102892e-03
5.366064518464368938e+00
1.341746714394915996e+00
5.318406899006262734e-01
2.656598377990087023e-01
1.516847175184183882e-01
9.450920848835497878e-02
6.311982945991512217e-02
4.414890434139717712e-02
3.214653248990551049e-02
2.413373560890419781e-02
1.852786723883070863e-02
1.458262928859443974e-02
1.166395303345946384e-02
9.484958120791531222e-03
7.818378031938300055e-03
5.384992501758640415e+00
1.327398311908628559e+00
5.323136678367315078e-01
2.656901589984244083e-01
1.511134119725663361e-01
9.458960809095651179e-02
6.299354060439155134e-02
4.416203766539972264e-02
3.215695589904021823e-02
2.406673128874503576e-02
1.854846982289704016e-02
1.457108483535374255e-02
1.166768270177209743e-02
9.489355037182511943e-03
5.236845995356146588e+00
1.334862532032726534e+00
5.345089930756201646e-01
2.655862546184644124e-01
1.517734888369250967e-01
9.464835940478266707e-02
6.319598404735948805e-02
4.429495836154684341e-02
3.213592420456822668e-02
2.415110972180478655e-02
1.857201879360181537e-02
1.460569114863629996e-02
1.169575341258966006e-02
5.357727006733989050e+00
1.336899155919135662e+00
5.326476028597597612e-01
2.658812986881882168e-01
1.512272401631546970e-01
9.463551809191940445e-02
6.318480188698893940e-02
4.411362442808242079e-02
3.216042546619623382e-02
2.411449764807604979e-02
1.856995178199660756e-02
1.460654694683816146e-02
5.225426627374391231e+00
1.328707808813235580e+00
5.330276246755540903e-01
2.646898929959324853e-01
1.513193614921215513e-01
9.470697406767869531e-02
6.295299873486648323e-02
4.419577241612349106e-02
3.213806391738760482e-02
2.413539167563105714e-02
1.858846932553204212e-02
5.385523357112045773e+00
1.343567996942161891e+00
5.319404924976320892e-01
2.655568579281251118e-01
1.517056961199609866e-01
9.441099169976197025e-02
6.313846182345494995e-02
4.418960588329312600e-02
3.218695730079512707e-02
2.417254273714308788e-02
5.367565241871393056e+00
1.323831377895261951e+00
5.311016052379513575e-01
2.653544847454476496e-01
1.507169442575002627e-01
9.452309584119555907e-02
6.301729237203423928e-02
4.420472438469769116e-02
3.220487699732842851e-02
5.247919630622367215e+00
1.336803849020844481e+00
5.351292911547251840e-01
2.650522912582573554e-01
1.517470718878302094e-01
9.474362881948117376e-02
6.329955419034094533e-02
4.439200563375544917e-02
5.357415111216215386e+00
1.337842312062594630e+00
5.307530977338451583e-01
2.655926631717933084e-01
1.513354510133790853e-01
9.480527846105557543e-02
6.335338346718065450e-02
5.232807478802450341e+00
1.322381409625973170e+00
5.318557426541188349e-01
2.646367742806843282e-01
1.515135488939946817e-01
9.495164177299653119e-02
5.365349903350482563e+00
1.341144344586999715e+00
5.312907211849888789e-01
2.655206757931178885e-01
1.519083584267653109e-01
5.384208421038280790e+00
1.326030870031200237e+00
5.315891196645607941e-01
2.657655525165392163e-01
5.236099051216700495e+00
1.333902379124704218e+00
5.346839695250062974e-01
5.356036238666827209e+00
1.337395239590101426e+00
5.232550100952729544e+00
3.956228253520956833e-07
4.092019914688416376e-07
4.199008720868189527e-07
4.272241362455888964e-07
4.319236064277850139e-07
4.375564017222721702e-07
4.513865481833270916e-07
4.824921236093872128e-07
5.413419556955377694e-07
6.287093027254630519e-07
7.390723741652351596e-07
8.613533260078327404e-07
9.846899068120069584e-07
1.105845271268666215e-06
1.221884293597637637e-06
1.338339472282403957e-06
1.458048831028710239e-06
1.584768524165317341e-06
1.723275539637354362e-06
1.872644879077423399e-06
2.037314822114647331e-06
2.217009795471830143e-06
2.411686481210975272e-06
2.622288252969538075e-06
2.839169828896528566e-06
3.057341447491911036e-06
3.259071969593401764e-06
3.419755306432689136e-06
3.494249367547597455e-06
3.412927016860139648e-06
3.083021761153071152e-06
2.369984045234732953e-06
1.129129400149553666e-06
-7.868472084238737808e-07
-3.304420861202422496e-06
-6.168032641471529895e-06
-8.769003396541235693e-06
-1.047088224767969530e-05
-1.077504537109840290e-05
-9.760950363978717617e-06
-8.011640510127075558e-06
-6.043929318960987365e-06
-4.246989170135354649e-06
-2.781446713045121130e-06
-1.709215204944380083e-06
-9.382056208071887574e-07
-4.117807301830516548e-07
-6.032301443282444067e-08
4.285954596072033551e-07
4.400111945546039518e-07
4.479204316855043252e-07
4.531102433220977714e-07
4.593186444558903019e-07
4.741745378141425625e-07
5.072271713488034871e-07
5.695082515160834938e-07
6.618536831242988888e-07
7.784867392966526509e-07
9.077631925982807669e-07
1.038262900822882733e-06
1.166603143974470586e-06
1.289705398054062521e-06
1.413436728340037273e-06
1.540816505398519450e-06
1.675845303844309547e-06
1.823621405308367038e-06
1.983197308147140528e-06
2.159343236525848586e-06
2.351826961942546021e-06
2.560688124249614270e-06
2.787052161404941004e-06
3.020754660494747931e-06
3.256656085518254071e-06
3.476041714512790530e-06
3.652914486213356196e-06
3.739370072488494491e-06
3.661216550025162692e-06
3.319658585738786971e-06
2.570917838943219402e-06
1.260142507193001481e-06
-7.704803395196592793e-07
-3.443627861034322730e-06
-6.487159716652779809e-06
-9.252586519772159525e-06
-1.106286340703016742e-05
-1.139027688636394744e-05
-1.032087557708809690e-05
-8.474294172663510497e-06
-6.397800285114110634e-06
-4.501962348322683608e-06
-2.955803629045486166e-06
-1.824280567261956976e-06
-1.010164130732515986e-06
-4.537639323505147049e-07
-8.175694372550149427e-08
4.589994490061420282e-07
4.675089442933737421e-07
4.732152584975167151e-07
4.800295170087598949e-07
4.959287867781062877e-07
5.309148496487783690e-07
5.965638680737665560e-07
6.937763898662036716e-07
8.165374272627403708e-07
9.526610928825042512e-07
1.090193344424974804e-06
1.225616751636458921e-06
1.355717722513233477e-06
1.486695305572102895e-06
1.621751122445427118e-06
1.765131934280809479e-06
1.922261753202025684e-06
2.092178411527500982e-06
2.279995092460034359e-06
2.485536388593685427e-06
2.708943385199415438e-06
2.951550124182813595e-06
3.202693039304439000e-06
3.457118305703237797e-06
3.695157063644599268e-06
3.889454728425245991e-06
3.989359818089852419e-06
3.916070180510567225e-06
3.564704337706385562e-06
2.782060649092954127e-06
1.402843920251563292e-06
-7.415963831016067158e-07
-3.570338210120982826e-06
-6.794506059188330976e-06
-9.725297218818275066e-06
-1.164472080335504471e-05
-1.199624619566423602e-05
-1.087284184948605205e-05
-8.930897746678983717e-06
-6.747903516441060917e-06
-4.755350592571254854e-06
-3.130379601635938081e-06
-1.940840880839539428e-06
-1.084459897211559245e-06
-4.985691129059249826e-07
-1.062453663365037042e-07
4.847770596136261392e-07
4.910128655496419203e-07
4.984477517035331394e-07
5.153697370879829938e-07
5.521888935427522738e-07
6.209780039093614444e-07
7.227021068688301714e-07
8.511404578758624551e-07
9.936217293241337255e-07
1.137712915642711528e-06
1.279782779951127696e-06
1.416499709297772753e-06
1.554377429552420559e-06
1.696793537488681426e-06
1.848233157675282026e-06
2.014438710320077403e-06
2.194444779393288011e-06
2.393708579742463281e-06
2.612128134616776079e-06
2.849967666966927549e-06
3.108798683229075169e-06
3.377507383630490724e-06
3.650780764097262196e-06
3.908078040655267940e-06
4.120791797507152715e-06
4.235661946116412585e-06
4.169405847381140243e-06
3.811230393205213701e-06
2.998629365788150689e-06
1.555905350955968935e-06
-6.964526331034240347e-07
-3.674371985287359150e-06
-7.072733434273278247e-06
-1.016338619012847632e-05
-1.218857544486406756e-05
-1.256450076355248831e-05
-1.139119869903297577e-05
-9.360517250165068187e-06
-7.078597871798391110e-06
-4.996339711567474463e-06
-3.298285557761730647e-06
-2.054861843453948018e-06
-1.159093067207783104e-06
-5.455669725370777129e-07
-1.340568577727716676e-07
5.055776908792737109e-07
5.136396076095518445e-07
5.315387404373647633e-07
5.700302069559987951e-07
6.416140026437684371e-07
7.473181564486129271e-07
8.807608475033052389e-07
1.028865088177068846e-06
1.178796996414998872e-06
1.326840144537388706e-06
1.469568693230997869e-06
1.613783684142888752e-06
1.763027795674185737e-06
1.922010527367077552e-06
2.096778167439382334e-06
2.286376830882793677e-06
2.496603649702975887e-06
2.727450677888348940e-06
2.979331630900325899e-06
3.254089705557170788e-06
3.540231962663496691e-06
3.832459624046992766e-06
4.109482156774761835e-06
4.341596807802983876e-06
4.473159383179028407e-06
4.416647552772830221e-06
4.055677496559058348e-06
3.218736551140102549e-06
1.719932622607682829e-06
-6.309807273916032827e-07
-3.747435812143659540e-06
-7.308972070574565674e-06
-1.054994765340301188e-05
-1.267496690767735881e-05
-1.307536014933633430e-05
-1.185829189447279099e-05
-9.748835014467661193e-06
-7.379310953696668549e-06
-5.217774770045877000e-06
-3.455140713840075366e-06
-2.163969196406628770e-06
-1.233105741224593821e-06
-5.947391992568466443e-07
-1.657745951454537951e-07
5.250392453872396499e-07
5.438611362350037250e-07
5.838355534979909264e-07
6.578082497185546058e-07
7.668682080926849873e-07
9.045250141809236759e-07
1.057389865122553181e-06
1.212319973383511055e-06
1.365548044009829917e-06
1.513582463763822779e-06
1.663480399138818518e-06
1.818937737748239740e-06
1.984872910028778401e-06
2.167620973819099454e-06
2.366257980749349871e-06
2.586919168996834356e-06
2.829718029652211829e-06
3.095252801018451371e-06
3.385685624340893054e-06
3.689230883601379504e-06
4.000698839171741225e-06
4.298199263490491542e-06
4.551125167422207657e-06
4.701714862878495285e-06
4.658468915193616014e-06
4.299761097082636235e-06
3.445346744333039821e-06
1.899268584364252263e-06
-5.394521596800617626e-07
-3.782613820383328309e-06
-7.495415026886495718e-06
-1.087662955218636485e-05
-1.309539822025871172e-05
-1.352083553825570925e-05
-1.226731799946904028e-05
-1.009070270208110051e-05
-7.646703324550415326e-06
-5.417937117004025212e-06
-3.600501624457282643e-06
-2.268590168727079200e-06
-1.307485299480160013e-06
-6.473902701056162227e-07
-2.028548323023651907e-07
5.532871617559961472e-07
5.946258147151821383e-07
6.707125501321034577e-07
7.826971717235161104e-07
9.240219987427998587e-07
1.081057044617509191e-06
1.240419909614575263e-06
1.398320962061401669e-06
1.551225775589982033e-06
1.706430052384844170e-06
1.867778702617484653e-06
2.040393735171339325e-06
2.230897496132734213e-06
2.438414350396556247e-06
2.669430463020653926e-06
2.924212167353742641e-06
3.203583280868608607e-06
3.510083939906212959e-06
3.831705272511545801e-06
4.163461798692771887e-06
4.482981285230469917e-06
4.758894949438014791e-06
4.931485873313707149e-06
4.905349446029114505e-06
4.553707311529246584e-06
3.687436084347716421e-06
2.100149781081956865e-06
-4.203955077401645336e-07
-3.785153346720161120e-06
-7.645280132984435054e-06
-1.116406242692206084e-05
-1.347546442493447946e-05
-1.392771276420914917e-05
-1.264275125967858838e-05
-1.040640512410710940e-05
-7.896340423008623528e-06
-5.608082774716462096e-06
-3.742097462401368715e-06
-2.373848434920368823e-06
-1.385452214582580995e-06
-7.054097850112497382e-07
-2.462687850984237800e-07
6.074262851991051038e-07
6.860216813638574627e-07
8.014790864105522314e-07
9.471613252834843594e-07
1.109153076200701006e-06
1.273789023272376867e-06
1.437256533278960524e-06
1.595973111225240698e-06
1.757522575677626518e-06
1.925931704782830260e-06
2.106569908093790244e-06
2.306410877348842071e-06
2.524642712394215775e-06
2.768184041841335430e-06
3.037498820823193724e-06
3.333699502936697361e-06
3.659809174089753009e-06
4.003569288217731156e-06
4.360277680999632630e-06
4.707017486120252531e-06
5.011539137264207563e-06
5.211799255359135366e-06
5.207636653327407661e-06
4.865979480538507734e-06
3.986737550020933926e-06
2.350529047403029925e-06
-2.690234432048496824e-07
-3.782249990016236186e-06
-7.823203575255295583e-06
-1.151142250103596651e-05
-1.393733641164918596e-05
-1.442345130181900410e-05
-1.310091738726396667e-05
-1.079231072165044869e-05
-8.202143507218436410e-06
-5.841647185779008222e-06
-3.916604938157476797e-06
-2.504047889769693384e-06
-1.482278711776934769e-06
-7.777605881053921404e-07
-3.006312397754100189e-07
7.152367792743921475e-07
8.366713498436541430e-07
9.898689506828524040e-07
1.160352348236249644e-06
1.333901912806871939e-06
1.506620052064131833e-06
1.674812626033966335e-06
1.846532804199098706e-06
2.026093573594535228e-06
2.219250734938155785e-06
2.433518727815620661e-06
2.668155813771114486e-06
2.930723265564790306e-06
3.221946249367573303e-06
3.543322399134464430e-06
3.898537206971624397e-06
4.274858870436651012e-06
4.667895790183866286e-06
5.053752997969187241e-06
5.398650190299377468e-06
5.636787327200233775e-06
5.660614087520848631e-06
5.327247332701693705e-06
4.419860612547453146e-06
2.699379545376568573e-06
-8.191593369399027888e-08
-3.832666746730797186e-06
-8.160248640866037476e-06
-1.211618031785760032e-05
-1.472244140630387002e-05
-1.525898358313874589e-05
-1.387024887549565080e-05
-1.143706759187306313e-05
-8.708100470369613746e-06
-6.221916763336462260e-06
-4.194088180882417861e-06
-2.704815683302063973e-06
-1.625846060765011748e-06
-8.800148769920315503e-07
-3.731093000347530065e-07
9.055218889094676840e-07
1.072603637310674606e-06
1.258694180971135952e-06
1.448457750796066160e-06
1.637774465476637964e-06
1.822701978911045250e-06
2.012118148663182275e-06
2.210822426977425522e-06
2.425224041372169709e-06
2.663737381888917857e-06
2.925690050071638564e-06
3.219674260897167212e-06
3.546773094967596323e-06
3.909021624558120869e-06
4.311062278717454552e-06
4.739215780480422205e-06
5.189380475715014637e-06
5.635772964681989503e-06
6.041744189350584604e-06
6.334902889612668148e-06
6.395273452054587290e-06
6.063436321607478668e-06
5.095025900311509773e-06
3.218895473391329004e-06
1.527729120175992661e-07
-4.007628159572417817e-06
-8.824636649654162308e-06
-1.323577998327838193e-05
-1.614733560334545397e-05
-1.676400219452749236e-05
-1.525108051259445705e-05
-1.258893467111005071e-05
-9.604122332026315823e-06
-6.885704864608533727e-06
-4.668047237716549391e-06
-3.037773760312392161e-06
-1.854586840114127430e-06
-1.034470038923057493e-06
-4.749314768529890570e-07
1.219738931627911693e-06
1.432891001369469147e-06
1.650621556120008024e-06
1.868367244831688895e-06
2.081717581143183345e-06
2.300946575489542199e-06
2.531662034900919456e-06
2.781356151274039755e-06
3.059920605484557285e-06
3.366750810668501029e-06
3.712093833146881412e-06
4.097544915250073486e-06
4.525920101160207931e-06
5.003289675042802212e-06
5.514262800959461779e-06
6.054990985266415007e-06
6.596333964635232167e-06
7.096617553296317105e-06
7.472292749456959316e-06
7.582859515923613680e-06
7.241545531409387254e-06
6.159083039313644467e-06
4.012369061454426622e-06
4.633723531002018917e-07
-4.383493247561666070e-06
-1.001594078706277185e-05
-1.518358840471622020e-05
-1.860108208339870603e-05
-1.934534256066596219e-05
-1.761476065050162189e-05
-1.455563275430226799e-05
-1.112668435047136696e-05
-8.004692470344399989e-06
-5.457277675261798241e-06
-3.582697849265700417e-06
-2.219770274382499610e-06
-1.272429812545008976e-06
-6.235820058544776223e-07
1.686075631909247360e-06
1.944095464424918956e-06
2.202699698407046408e-06
2.456784485880842979e-06
2.718622418895364976e-06
2.994971572740532446e-06
3.294864375428911272e-06
3.630285080306927343e-06
4.000704898894776234e-06
4.418697125543012694e-06
4.886545929881332476e-06
5.408124961440648734e-06
5.991454816250095516e-06
6.618648432405978624e-06
7.286104639907860072e-06
7.959797599261684772e-06
8.590772758812178014e-06
9.079477591944667663e-06
9.256246053902100757e-06
8.895389291491704112e-06
7.644071928501576518e-06
5.105807533661073219e-06
8.639078849111657410e-07
-4.963996518048389830e-06
-1.175928399254743375e-05
-1.800437077313101451e-05
-2.214110347900210413e-05
-2.306309458527454502e-05
-2.101542415555577225e-05
-1.738132300820374992e-05
-1.330932929489715226e-05
-9.603132498398167689e-06
-6.578693328752026924e-06
-4.351222782220662885e-06
-2.729251377567233801e-06
-1.599138812727719929e-06
-8.225127139294042734e-07
2.314141473202841089e-06
2.624268599930065608e-06
2.929730676894788222e-06
3.245324344137946390e-06
3.579263561485761150e-06
3.942530479999930941e-06
4.349758366850283234e-06
4.800526321341228184e-06
5.310359238527937592e-06
5.882430289115558028e-06
6.521974048469054098e-06
7.239507727986203497e-06
8.014029360991700712e-06
8.842299125591058032e-06
9.684165754508681015e-06
1.048152412549832949e-05
1.111459855634966760e-05
1.137677828170102941e-05
1.099300163094618643e-05
9.529601999127505080e-06
6.496621329011609810e-06
1.377026236678517007e-06
-5.695164475384272701e-06
-1.396624380770624886e-05
-2.157874624501691748e-05
-2.662763686045130181e-05
-2.777407247210497265e-05
-2.532300049241513777e-05
-2.095882091750460923e-05
-1.607105090914811543e-05
-1.162421892216051978e-05
-7.995406857571459592e-06
-5.321118552134930793e-06
-3.371377000785142395e-06
-2.010171365321553223e-06
-1.072113553478434497e-06
3.095840320478074934e-06
3.459178022140359243e-06
3.835451831768499680e-06
4.234533923888270102e-06
4.669628038201636619e-06
5.158393718630405863e-06
5.700575854401464789e-06
6.315101097009246170e-06
7.006226805300824256e-06
7.780832540769814024e-06
8.652412344472421024e-06
9.596567268205886611e-06
1.061067596241850770e-05
1.164783980435696305e-05
1.263979386835912575e-05
1.344393066302702892e-05
1.381147794629177666e-05
1.341089753048932240e-05
1.171535944596846343e-05
8.126638074346190926e-06
2.011005001642876544e-06
-6.480475499740390860e-06
-1.643936857896512865e-05
-2.561719598899447892e-05
-3.171023712760108991e-05
-3.311500029650686194e-05
-3.020652753046458496e-05
-2.501436698042138431e-05
-1.920267956367210926e-05
-1.391791837693370044e-05
-9.605829035082811846e-06
-6.426513487276810065e-06
-4.106254369090275010e-06
-2.483665004807145041e-06
-1.362828883401888711e-06
4.004488795476150740e-06
4.444231578630769910e-06
4.911702879133281359e-06
5.422467181938252917e-06
5.997415876403400237e-06
6.636546588895423857e-06
7.362473199211057847e-06
8.180736421702691080e-06
9.100137753022914319e-06
1.013758234385013324e-05
1.126533687321887647e-05
1.248182346990007498e-05
1.373340746909897281e-05
1.494152915646460720e-05
1.593974130950984169e-05
1.643436958535847772e-05
1.603350970086435046e-05
1.410943889390992548e-05
9.945673700233106235e-06
2.780153322612388678e-06
-7.221163531015516321e-06
-1.898420374193011267e-05
-2.983846765896008480e-05
-3.705043840070533170e-05
-3.873585353085951671e-05
-3.534737563980292624e-05
-2.928455501581236467e-05
-2.250317800710753286e-05
-1.634032554942660507e-05
-1.131286621027275622e-05
-7.604814037565305138e-06
-4.896360684693377291e-06
-2.999468809363457257e-06
-1.686336766942441275e-06
5.061560816885008092e-06
5.600076020002494311e-06
6.189826157176068003e-06
6.855143961126061725e-06
7.596404429976393189e-06
8.440226698233068911e-06
9.393704821960894471e-06
1.046793202585721322e-05
1.168379732920956336e-05
1.301045578366876936e-05
1.444802566104600935e-05
1.593642882052165831e-05
1.738700846449408102e-05
1.860882540648646846e-05
1.926063742733411999e-05
1.888625201116374969e-05
1.674843878391504143e-05
1.200071724596387005e-05
3.738529987713529449e-06
-7.861843408532315919e-06
-2.154970474256383273e-05
-3.419841595711861637e-05
-4.261009962238174864e-05
-4.460355421308064683e-05
-4.071770426532792322e-05
-3.374822561320086744e-05
-2.595915890211595266e-05
-1.888542003528404360e-05
-1.311655408106139009e-05
-8.860309708692739716e-06
-5.748778064235843581e-06
-3.566256615328798195e-06
-2.052059230163850827e-06
6.288499732951110741e-06
6.959819384592252911e-06
7.718974471576222490e-06
8.566874639674270514e-06
9.534477630772668008e-06
1.063075851145045200e-05
1.186954752945587267e-05
1.327640012614965917e-05
1.481774167884732964e-05
1.649624106617978044e-05
1.824595009601148038e-05
1.996865440862319319e-05
2.144867290157937562e-05
2.229475572302058034e-05
2.198264739077361932e-05
1.965645362825155576e-05
1.432661855002830692e-05
4.929815609159508144e-06
-8.354271717928019036e-06
-2.408765649370521109e-05
-3.865136422367835070e-05
-4.834614911642808217e-05
-5.067815487935474830e-05
-4.628220972728547370e-05
-3.837681125373758778e-05
-2.955012864517441492e-05
-2.154049291437331302e-05
-1.501073464156408742e-05
-1.019163284856386275e-05
-6.665494233053345825e-06
-4.188163296365492846e-06
-2.465405696688913975e-06
7.770914281709844981e-06
8.632408973923040574e-06
9.597272800783774842e-06
1.070140784797208966e-05
1.195615699290655462e-05
1.337875774789186287e-05
1.500048860138747039e-05
1.678539553231182813e-05
1.873988346644912809e-05
2.079260919449513892e-05
2.283607774927927381e-05
2.462851744179389923e-05
2.572344351806695939e-05
2.552079625603182605e-05
2.302916757324861147e-05
1.709281676286807800e-05
6.461522351335936831e-06
-8.690886091934201668e-06
-2.671754406404153528e-05
-4.343866018428032394e-05
-5.458291141783124835e-05
-5.730843868701320301e-05
-5.236202799832048380e-05
-4.343843430895622334e-05
-3.348554151690367412e-05
-2.446226061727748476e-05
-1.710928733580956628e-05
-1.168085975852893414e-05
-7.704989514101603931e-06
-4.906693322045226569e-06
-2.955681439926962404e-06
9.621685394999241261e-06
1.071781711932634322e-05
1.197603911666164814e-05
1.341070562356862926e-05
1.504335080453620202e-05
1.691238894507515224e-05
1.897992213552735646e-05
2.125766979580410998e-05
2.366949771432898261e-05
2.609896161897759187e-05
2.827632075334558437e-05
2.969269502423695076e-05
2.966156001676066917e-05
2.703281667943130051e-05
2.045259391811673705e-05
8.444653953962842630e-06
-8.836155914352522567e-06
-2.950437905404950864e-05
-4.872384965808571766e-05
-6.155162682039373376e-05
-6.474685914967662009e-05
-5.919006442840410703e-05
-4.912745756432361483e-05
-3.791757917570125739e-05
-2.776539529679493030e-05
-1.949665224557029915e-05
-1.339004188983199677e-05
-8.912680654343352153e-06
-5.755220679084572556e-06
-3.547515877155675991e-06
1.196898440704091165e-05
1.340528417192272601e-05
1.504906644416532418e-05
1.692734710386574644e-05
1.908756766353519874e-05
2.149044657128677122e-05
2.415513337277776568e-05
2.700149820627920091e-05
2.990458023608778124e-05
3.256410885280796100e-05
3.439909208410993000e-05
3.462197389520827920e-05
3.189221616433984482e-05
2.461379283138185819e-05
1.103015028643041826e-05
-8.741523669791168016e-06
-3.253650115404979268e-05
-5.472949929472307670e-05
-6.956673314472340173e-05
-7.333602017819918981e-05
-6.708147338816859359e-05
-5.570591524755468850e-05
-4.305051193969938235e-05
-3.160304254158223828e-05
-2.228495834804623040e-05
-1.540107902502692660e-05
-1.034812333642937034e-05
-6.777215138532008430e-06
-4.272766161411267902e-06
1.505488328093474233e-05
1.694841134504713334e-05
1.912184774232553869e-05
2.163433393654895864e-05
2.444602746103389382e-05
2.758654970045704155e-05
3.097303129729299387e-05
3.447280164232003480e-05
3.775178845042292968e-05
4.014353087285508700e-05
4.073918018854694872e-05
3.796283861691279027e-05
2.991313870827436855e-05
1.447428808465031805e-05
-8.303612707889068689e-06
-3.592015401581490769e-05
-6.177046841088044971e-05
-7.908787368876003495e-05
-8.358305012866157314e-05
-7.650566091251777485e-05
-6.356626477293462335e-05
-4.919258338233444401e-05
-3.620871054874671546e-05
-2.564754174519095405e-05
-1.784268967524823592e-05
-1.210678226300730777e-05
-8.043938719179974731e-06
-5.184995328220217033e-06
1.912485733535909324e-05
2.164885645731780620e-05
2.458262630585915731e-05
2.788704675553335322e-05
3.160613167500336135e-05
3.565639721272431326e-05
3.989928474294571914e-05
4.396432633684823829e-05
4.708520427036765027e-05
4.820916145718140422e-05
4.547207195995488905e-05
3.659044258183009879e-05
1.899087272756293937e-05
-7.386201736239544361e-06
-3.964140192302002125e-05
-6.996115418198087937e-05
-9.031946731464286120e-05
-9.572346946617972183e-05
-8.767973689467528295e-05
-7.288718909404315327e-05
-5.648261357093011941e-05
-4.168757455636819004e-05
-2.966361827375006859e-05
-2.077536112145512019e-05
-1.423541089172865492e-05
-9.592166984233839455e-06
-6.313605493893393088e-06
2.462348732458875819e-05
2.807227178858260480e-05
3.198389245674888496e-05
3.642243853294946723e-05
4.130724725485067724e-05
4.649709393348636105e-05
5.158261574865138243e-05
5.567885178752590702e-05
5.755887911121012490e-05
5.499695824246527559e-05
4.521831554828766725e-05
2.504931347791557877e-05
-5.747342485437970105e-06
-4.378909774460649340e-05
-7.972883088834362174e-05
-1.039264370338447086e-04
-1.105035343790514754e-04
-1.012955573754122481e-04
-8.424581918987579553e-05
-6.537346141766327279e-05
-4.838343429176621238e-05
-3.458996569279310286e-05
-2.439164607748634146e-05
-1.687877281449784439e-05
-1.153180843263676078e-05
-7.742885237268179669e-06
3.218747490423478838e-05
3.684670133907979456e-05
4.217991412215410849e-05
4.811501672130928317e-05
5.451413917743028903e-05
6.092883522654159184e-05
6.633484784118565093e-05
6.929586102286026223e-05
6.713175263302861818e-05
5.643198625701704302e-05
3.322711685058588743e-05
-3.006971105893457841e-06
-4.830790897553115959e-05
-9.136908190165124487e-05
-1.204581383462896424e-04
-1.285681838573285787e-04
-1.179566743027707316e-04
-9.814593352075265951e-05
-7.626155854568289743e-05
-5.659991034641310477e-05
-4.065706336973398064e-05
-2.886827856710951976e-05
-2.017354530072380030e-05
-1.397005288593952763e-05
-9.558020151091413223e-06
4.263172988927315196e-05
4.908334109064758590e-05
5.634849782519720641e-05
6.430304148269481296e-05
7.246315229289189387e-05
7.964278928311759043e-05
8.415485967393396239e-05
8.274479267657458591e-05
7.116983330198323882e-05
4.438866342517614610e-05
1.414616653261369095e-06
-5.309983277948429598e-05
-1.053116325921950796e-04
-1.407284198829380009e-04
-1.508768235144583233e-04
-1.385607593349970357e-04
-1.153351895716930257e-04
-8.973324129735757264e-05
-6.678410647086606216e-05
-4.820256472440494471e-05
-3.446275247342018557e-05
-2.431772092015445624e-05
-1.706129963964877439e-05
-1.188104593131023186e-05
5.746890562184203672e-05
6.644867580600771068e-05
7.644302840032271562e-05
8.694401033092127168e-05
9.657977284345009605e-05
1.033628755524179654e-04
1.033007447784001432e-04
9.103479333595447531e-05
6.003592529620591800e-05
8.554233812931716363e-06
-5.794504348552356049e-05
-1.222498777473952219e-04
-1.661058310982810391e-04
-1.790632169466266008e-04
-1.646460221361709976e-04
-1.371002431642428902e-04
-1.068010755494040905e-04
-7.971045590242051857e-05
-5.781274966683211245e-05
-4.162294737670947306e-05
-2.965605014480766381e-05
-2.107449159012510145e-05
-1.492447408589806829e-05
7.855601177351144437e-05
9.117834315331903338e-05
1.047680854771989786e-04
1.177532458277435329e-04
1.278026229860063090e-04
1.299966944425315352e-04
1.175005599935389361e-04
8.173297667595121052e-05
1.970516079213661614e-05
-6.222119931991594544e-05
-1.423990001376265128e-04
-1.974526496959826474e-04
-2.142631634582852016e-04
-1.972921296085421682e-04
-1.643310577389726565e-04
-1.281535128335811204e-04
-9.589925869574471469e-05
-6.988030040659723690e-05
-5.065050318195823590e-05
-3.642392115268152357e-05
-2.619694786032661276e-05
-1.883997650881487698e-05
1.092650927568984128e-04
1.270021703126096926e-04
1.446428878082049382e-04
1.594758670808316548e-04
1.654109097057113176e-04
1.536224329593809535e-04
1.126175049454385124e-04
3.734670781255049199e-05
-6.492586303363280520e-05
-1.665706834421409877e-04
-2.369867639295591619e-04
-2.592906302672382673e-04
-2.391796260440455513e-04
-1.992630398228965871e-04
-1.555382636092051709e-04
-1.166788514805921264e-04
-8.540637838968438787e-05
-6.230845017199697009e-05
-4.520854061605005967e-05
-3.288747918099311487e-05
-2.399119629218151540e-05
1.545263687849716266e-04
1.786662152783950318e-04
2.005497472968263153e-04
2.126426929674011819e-04
2.034352339660480257e-04
1.572417277256963480e-04
6.551844185833863299e-05
-6.382504223789199627e-05
-1.950232973296807393e-04
-2.870086821357229617e-04
-3.173881826176354684e-04
-2.934687105418812628e-04
-2.445361853423106227e-04
-1.910135641874865467e-04
-1.436106826991684533e-04
-1.055693042556555059e-04
-7.749866707428661931e-05
-5.670899238312265156e-05
-4.169741968123658526e-05
-3.081983248504147760e-05
2.216579781320806707e-04
2.539834965695677432e-04
2.761345581817238604e-04
2.729965055659303876e-04
2.227667043341822334e-04
1.108988610456322768e-04
-5.490690454565926026e-05
-2.277305314659222590e-04
-3.508764461801275325e-04
-3.935314031625857510e-04
-3.650590342004090953e-04
-3.042435512589998677e-04
-2.377580922354651655e-04
-1.790926249163767286e-04
-1.321668002473820808e-04
-9.758780380184138396e-05
-7.197739544354832784e-05
-5.345108257484712045e-05
-3.998219131382799076e-05
3.230730180793749129e-04
3.616811018092372918e-04
3.712192040168545148e-04
3.208996463910963339e-04
1.856117936784792977e-04
-2.956864965094826991e-05
-2.625449928425945684e-04
-4.324148743623940625e-04
-4.946946413415375526e-04
-4.611504720693060237e-04
-3.844931898585772848e-04
-3.005445545451097844e-04
-2.267382625435812322e-04
-1.679177101062744395e-04
-1.246506352887521811e-04
-9.261788605177055352e-05
-6.941090247606967936e-05
-5.248789708719523296e-05
4.733077203840536386e-04
5.070991327176602170e-04
4.664523054090340668e-04
3.078505307339621244e-04
2.780874488322870874e-05
-2.921994396748797684e-04
-5.332913192179610656e-04
-6.278124033260428644e-04
-5.896077036898310364e-04
-4.920486597218241831e-04
-3.846107948495876977e-04
-2.904520768056483384e-04
-2.157134489410514344e-04
-1.608634465559573810e-04
-1.202951985384535533e-04
-9.087719059877484497e-05
-6.937191716028983713e-05
6.935591976676286352e-04
6.836975639222324071e-04
5.105135104616839725e-04
1.481371850343727876e-04
-3.003055445624930320e-04
-6.546539955458348381e-04
-8.051791451796559999e-04
-7.652034398651000715e-04
-6.398765570048928902e-04
-5.000892918114495725e-04
-3.778141100218832850e-04
-2.811662909803147245e-04
-2.104379299921403223e-04
-1.582140784437070964e-04
-1.203359056501829456e-04
-9.259706917308960054e-05
9.979103421285107078e-04
8.436128246782116646e-04
3.919529570856200031e-04
-2.426233007416130343e-04
-7.821763067222715915e-04
-1.035463276362110635e-03
-1.004410374098804737e-03
-8.438022732790635997e-04
-6.596234381214972214e-04
-4.982881121196854404e-04
-3.712367739318994100e-04
-2.785515973229932968e-04
-2.102810356866401814e-04
-1.607954813438083799e-04
-1.245246734405039803e-04
1.365193358792975153e-03
8.609767944356902514e-04
-2.263015627846503780e-05
-8.660352928458390749e-04
-1.315009053259309085e-03
-1.323654274125462410e-03
-1.123256421969526589e-03
-8.795507288376948341e-04
-6.642193911419797718e-04
-4.949498630762369511e-04
-3.718309092096563711e-04
-2.814188912532975852e-04
-2.159868946821656352e-04
-1.680379138970064697e-04
1.703161658186340193e-03
5.655922818774486438e-04
-7.578974394183772252e-04
-1.591654850143984362e-03
-1.725185897702052190e-03
-1.497393029847457263e-03
-1.179545296006615646e-03
-8.914207837212081292e-04
-6.641025480331696996e-04
-4.989553082266565825e-04
-3.780404693856115480e-04
-2.907267040572901647e-04
-2.268196992317407165e-04
1.809221573190397669e-03
-1.052696229134064687e-04
-1.647687068022325729e-03
-2.117134040377513515e-03
-1.935820669676173444e-03
-1.551280088689582304e-03
-1.178136553749459248e-03
-8.784944371874758460e-04
-6.598066611108524548e-04
-4.998501165963519649e-04
-3.845587498665578585e-04
-3.003194842684147117e-04
1.629475313817726817e-03
-9.765986197921366300e-04
-2.215857287434307588e-03
-2.308878716728659380e-03
-1.936293362491181558e-03
-1.495669587531511108e-03
-1.122198077769753777e-03
-8.441516642068660646e-04
-6.396120106377271505e-04
-4.920000607513937488e-04
-3.842003098563050710e-04
1.166333549702330613e-03
-1.347089985908010929e-03
-2.215323935800539434e-03
-2.116368721023487425e-03
-1.721739217580446841e-03
-1.322103093374958627e-03
-1.004446454242790285e-03
-7.645691922581118738e-04
-5.893157095283336339e-04
-4.606091894841001302e-04
1.169988365471170749e-03
-9.832649768234044685e-04
-1.651152743104802650e-03
-1.590976752913191017e-03
-1.316697637550587330e-03
-1.037095537103047832e-03
-8.053841658454807123e-04
-6.280032129684105097e-04
-4.943756394291849710e-04
1.624282316739576737e-03
-1.005106238903263893e-04
-7.545373554468450287e-04
-8.682666957374219089e-04
-7.827414786819655856e-04
-6.539153352172616396e-04
-5.325632238900938594e-04
-4.312895268930063406e-04
1.823725924821155637e-03
5.640928787858172063e-04
-3.055841816779203413e-05
-2.453373131575051214e-04
-3.009904717773508043e-04
-2.920682252287101223e-04
-2.617105181241599090e-04
1.690137563786567321e-03
8.461584061015409164e-04
3.854456588602458143e-04
1.445326925276248231e-04
2.624996232324094619e-05
-2.990016931188332216e-05
1.359291435348346233e-03
8.425616983898862045e-04
5.096407006147211927e-04
3.079538772165941476e-04
1.860969260883381382e-04
1.002546117741153625e-03
6.861393088512628136e-04
4.685665267727089620e-04
3.224294092342705476e-04
6.973119444420651817e-04
5.098770029994086073e-04
3.729239369940803004e-04
4.746531763981271814e-04
3.621619240834726694e-04
3.228022053764489376e-04
